19	19	(4)☆青铜剑
4688	19	(4)☆☆青铜剑
4499	19	(4)☆☆☆青铜剑
20	20	(11)☆淬铁剑
4689	20	(11)☆☆淬铁剑
4500	20	(11)☆☆☆淬铁剑
21	21	(19)☆百炼剑
4690	21	(19)☆☆百炼剑
4501	21	(19)☆☆☆百炼剑
22	22	(29)☆青锋剑
4691	22	(29)☆☆青锋剑
4503	22	(29)☆☆☆青锋剑
147	147	(39)☆寒霜剑
4692	147	(39)☆☆寒霜剑
4504	147	(39)☆☆☆寒霜剑
148	148	(49)☆丹心剑
4693	148	(49)☆☆丹心剑
4505	148	(49)☆☆☆丹心剑
1927	1927	(59)☆碧涛剑
4694	1927	(59)☆☆碧涛剑
4506	1927	(59)☆☆☆碧涛剑
1928	1928	(69)☆流光剑
4695	1928	(69)☆☆流光剑
4507	1928	(69)☆☆☆流光剑
5831	5831	(79)☆藏锋剑
5845	5831	(79)☆☆藏锋剑
5838	5831	(79)☆☆☆藏锋剑
5832	5832	(89)☆多情剑
5846	5832	(89)☆☆多情剑
5839	5832	(89)☆☆☆多情剑
5833	5833	(99)☆孤穹
5847	5833	(99)☆☆孤穹
5840	5833	(99)☆☆☆孤穹
5834	5834	(109)☆龙渊
5848	5834	(109)☆☆龙渊
5841	5834	(109)☆☆☆龙渊
5835	5835	(119)☆天罡
5849	5835	(119)☆☆天罡
5842	5835	(119)☆☆☆天罡
5836	5836	(129)☆碧落
5850	5836	(129)☆☆碧落
5843	5836	(129)☆☆☆碧落
5837	5837	(139)☆诛仙
5851	5837	(139)☆☆诛仙
5844	5837	(139)☆☆☆诛仙
36	36	(1)☆子母双剑
4696	36	(1)☆☆子母双剑
4508	36	(1)☆☆☆子母双剑
37	37	(5)☆鸳鸯双剑
4697	37	(5)☆☆鸳鸯双剑
4509	37	(5)☆☆☆鸳鸯双剑
39	39	(13)☆连横双剑
4698	39	(13)☆☆连横双剑
4510	39	(13)☆☆☆连横双剑
40	40	(21)☆阴阳双剑
4699	40	(21)☆☆阴阳双剑
4511	40	(21)☆☆☆阴阳双剑
41	41	(31)☆坎离双剑
4700	41	(31)☆☆坎离双剑
4512	41	(31)☆☆☆坎离双剑
151	151	(41)☆和合双剑
4701	151	(41)☆☆和合双剑
4513	151	(41)☆☆☆和合双剑
1929	1929	(51)☆流金双剑
4702	1929	(51)☆☆流金双剑
4514	1929	(51)☆☆☆流金双剑
1930	1930	(61)☆比翼双剑
4703	1930	(61)☆☆比翼双剑
4515	1930	(61)☆☆☆比翼双剑
5873	5873	(71)☆风花双剑
5887	5873	(71)☆☆风花双剑
5880	5873	(71)☆☆☆风花双剑
5874	5874	(81)☆紫青双剑
5888	5874	(81)☆☆紫青双剑
5881	5874	(81)☆☆☆紫青双剑
5875	5875	(91)☆鸳蝶舞
5889	5875	(91)☆☆鸳蝶舞
5882	5875	(91)☆☆☆鸳蝶舞
5876	5876	(101)☆星月映
5890	5876	(101)☆☆星月映
5883	5876	(101)☆☆☆星月映
5877	5877	(111)☆日夜浮
5891	5877	(111)☆☆日夜浮
5884	5877	(111)☆☆☆日夜浮
5878	5878	(121)☆乾坤破
5892	5878	(121)☆☆乾坤破
5885	5878	(121)☆☆☆乾坤破
5879	5879	(131)☆天地合
5893	5879	(131)☆☆天地合
5886	5879	(131)☆☆☆天地合
6	6	(3)☆点钢刀
4704	6	(3)☆☆点钢刀
4516	6	(3)☆☆☆点钢刀
12	12	(9)☆折铁刀
4705	12	(9)☆☆折铁刀
4517	12	(9)☆☆☆折铁刀
28	28	(17)☆鬼头刀
4706	28	(17)☆☆鬼头刀
4518	28	(17)☆☆☆鬼头刀
29	29	(27)☆百战刀
4707	29	(27)☆☆百战刀
4519	29	(27)☆☆☆百战刀
156	156	(37)☆破阵刀
4708	156	(37)☆☆破阵刀
4520	156	(37)☆☆☆破阵刀
158	158	(47)☆斩将刀
4709	158	(47)☆☆斩将刀
4521	158	(47)☆☆☆斩将刀
1933	1933	(57)☆归尘刀
4710	1933	(57)☆☆归尘刀
4522	1933	(57)☆☆☆归尘刀
1934	1934	(67)☆溢彩刀
4711	1934	(67)☆☆溢彩刀
4523	1934	(67)☆☆☆溢彩刀
5810	5810	(77)☆若拙刀
5824	5810	(77)☆☆若拙刀
5817	5810	(77)☆☆☆若拙刀
5811	5811	(87)☆绝情刀
5825	5811	(87)☆☆绝情刀
5818	5811	(87)☆☆☆绝情刀
5812	5812	(97)☆断岳
5826	5812	(97)☆☆断岳
5819	5812	(97)☆☆☆断岳
5813	5813	(107)☆解牛
5827	5813	(107)☆☆解牛
5820	5813	(107)☆☆☆解牛
5814	5814	(117)☆地煞
5828	5814	(117)☆☆地煞
5821	5814	(117)☆☆☆地煞
5815	5815	(127)☆黄泉
5829	5815	(127)☆☆黄泉
5822	5815	(127)☆☆☆黄泉
5816	5816	(137)☆割鹿
5830	5816	(137)☆☆割鹿
5823	5816	(137)☆☆☆割鹿
47	47	(2)☆柳叶双刀
4712	47	(2)☆☆柳叶双刀
4524	47	(2)☆☆☆柳叶双刀
48	48	(7)☆蝴蝶双刀
4713	48	(7)☆☆蝴蝶双刀
4525	48	(7)☆☆☆蝴蝶双刀
49	49	(15)☆合纵双刀
4714	49	(15)☆☆合纵双刀
4526	49	(15)☆☆☆合纵双刀
50	50	(24)☆连环双刀
4715	50	(24)☆☆连环双刀
4527	50	(24)☆☆☆连环双刀
162	162	(34)☆子午双刀
4716	162	(34)☆☆子午双刀
4528	162	(34)☆☆☆子午双刀
164	164	(44)☆锯齿双刀
4717	164	(44)☆☆锯齿双刀
4529	164	(44)☆☆☆锯齿双刀
1935	1935	(54)☆饮血双刀
4718	1935	(54)☆☆饮血双刀
4530	1935	(54)☆☆☆饮血双刀
1936	1936	(64)☆比目双刀
4719	1936	(64)☆☆比目双刀
4531	1936	(64)☆☆☆比目双刀
5852	5852	(74)☆雪月双刀
5866	5852	(74)☆☆雪月双刀
5859	5852	(74)☆☆☆雪月双刀
5853	5853	(84)☆形意双刀
5867	5853	(84)☆☆形意双刀
5860	5853	(84)☆☆☆形意双刀
5854	5854	(94)☆恩爱会
5868	5854	(94)☆☆恩爱会
5861	5854	(94)☆☆☆恩爱会
5855	5855	(104)☆水云间
5869	5855	(104)☆☆水云间
5862	5855	(104)☆☆☆水云间
5856	5856	(114)☆恨别离
5870	5856	(114)☆☆恨别离
5863	5856	(114)☆☆☆恨别离
5857	5857	(124)☆长相守
5871	5857	(124)☆☆长相守
5864	5857	(124)☆☆☆长相守
5858	5858	(134)☆归去来
5872	5858	(134)☆☆归去来
5865	5858	(134)☆☆☆归去来
57	57	(3)☆点钢枪
4736	57	(3)☆☆点钢枪
4549	57	(3)☆☆☆点钢枪
58	58	(8)☆浑铁枪
4737	58	(8)☆☆浑铁枪
4550	58	(8)☆☆☆浑铁枪
59	59	(16)☆烂银枪
4738	59	(16)☆☆烂银枪
4551	59	(16)☆☆☆烂银枪
60	60	(25)☆蛇形枪
4739	60	(25)☆☆蛇形枪
4552	60	(25)☆☆☆蛇形枪
129	129	(35)☆沥泉枪
4740	129	(35)☆☆沥泉枪
4553	129	(35)☆☆☆沥泉枪
130	130	(45)☆提炉枪
4741	130	(45)☆☆提炉枪
4554	130	(45)☆☆☆提炉枪
1909	1909	(55)☆梨花枪
4742	1909	(55)☆☆梨花枪
4555	1909	(55)☆☆☆梨花枪
1913	1913	(65)☆雁翎枪
4743	1913	(65)☆☆雁翎枪
4556	1913	(65)☆☆☆雁翎枪
5768	5768	(75)☆透甲枪
5782	5768	(75)☆☆透甲枪
5775	5768	(75)☆☆☆透甲枪
5769	5769	(85)☆腾蛟枪
5783	5769	(85)☆☆腾蛟枪
5776	5769	(85)☆☆☆腾蛟枪
5770	5770	(95)☆闪空
5784	5770	(95)☆☆闪空
5777	5770	(95)☆☆☆闪空
5771	5771	(105)☆血雨
5785	5771	(105)☆☆血雨
5778	5771	(105)☆☆☆血雨
5772	5772	(115)☆白虹
5786	5772	(115)☆☆白虹
5779	5772	(115)☆☆☆白虹
5773	5773	(125)☆破日
5787	5773	(125)☆☆破日
5780	5773	(125)☆☆☆破日
5774	5774	(135)☆霸王
5788	5774	(135)☆☆霸王
5781	5774	(135)☆☆☆霸王
67	67	(1)☆长朴刀
4728	67	(1)☆☆长朴刀
4541	67	(1)☆☆☆长朴刀
68	68	(6)☆扫叶刀
4729	68	(6)☆☆扫叶刀
4542	68	(6)☆☆☆扫叶刀
69	69	(13)☆劈挂刀
4730	69	(13)☆☆劈挂刀
4543	69	(13)☆☆☆劈挂刀
70	70	(22)☆斩马刀
4731	70	(22)☆☆斩马刀
4544	70	(22)☆☆☆斩马刀
123	123	(32)☆偃月刀
4732	123	(32)☆☆偃月刀
4545	123	(32)☆☆☆偃月刀
124	124	(42)☆凤嘴刀
4733	124	(42)☆☆凤嘴刀
4546	124	(42)☆☆☆凤嘴刀
1907	1907	(52)☆眉间刀
4734	1907	(52)☆☆眉间刀
4547	1907	(52)☆☆☆眉间刀
74	74	(62)☆银鲤刀
4735	74	(62)☆☆银鲤刀
4548	74	(62)☆☆☆银鲤刀
5726	5726	(72)☆象鼻刀
5740	5726	(72)☆☆象鼻刀
5733	5726	(72)☆☆☆象鼻刀
5727	5727	(82)☆春秋刀
5741	5727	(82)☆☆春秋刀
5734	5727	(82)☆☆☆春秋刀
5728	5728	(92)☆烽火
5742	5728	(92)☆☆烽火
5735	5728	(92)☆☆☆烽火
5729	5729	(102)☆九难
5743	5729	(102)☆☆九难
5736	5729	(102)☆☆☆九难
5730	5730	(112)☆鬼怒
5744	5730	(112)☆☆鬼怒
5737	5730	(112)☆☆☆鬼怒
5731	5731	(122)☆神威
5745	5731	(122)☆☆神威
5738	5731	(122)☆☆☆神威
5732	5732	(132)☆末日
5746	5732	(132)☆☆末日
5739	5732	(132)☆☆☆末日
87	87	(4)☆棘木棒
4744	87	(4)☆☆棘木棒
4558	87	(4)☆☆☆棘木棒
88	88	(10)☆狼牙棒
4745	88	(10)☆☆狼牙棒
4559	88	(10)☆☆☆狼牙棒
89	89	(19)☆铜头棒
4746	89	(19)☆☆铜头棒
4560	89	(19)☆☆☆铜头棒
90	90	(28)☆雁尾镗
4747	90	(28)☆☆雁尾镗
4561	90	(28)☆☆☆雁尾镗
131	131	(38)☆碎灵镗
4748	131	(38)☆☆碎灵镗
4562	131	(38)☆☆☆碎灵镗
132	132	(48)☆贪狼镗
4749	132	(48)☆☆贪狼镗
4563	132	(48)☆☆☆贪狼镗
1910	1910	(58)☆嘶风镗
4750	1910	(58)☆☆嘶风镗
4564	1910	(58)☆☆☆嘶风镗
1926	1926	(68)☆雷公镗
4751	1926	(68)☆☆雷公镗
4565	1926	(68)☆☆☆雷公镗
5789	5789	(78)☆凤翅镗
5803	5789	(78)☆☆凤翅镗
5796	5789	(78)☆☆☆凤翅镗
5790	5790	(88)☆九曲镗
5804	5790	(88)☆☆九曲镗
5797	5790	(88)☆☆☆九曲镗
5791	5791	(98)☆吞云
5805	5791	(98)☆☆吞云
5798	5791	(98)☆☆☆吞云
5792	5792	(108)☆人杰
5806	5792	(108)☆☆人杰
5799	5792	(108)☆☆☆人杰
5793	5793	(118)☆鬼雄
5807	5793	(118)☆☆鬼雄
5800	5793	(118)☆☆☆鬼雄
5794	5794	(128)☆擎天
5808	5794	(128)☆☆擎天
5801	5794	(128)☆☆☆擎天
5795	5795	(138)☆冲凌
5809	5795	(138)☆☆冲凌
5802	5795	(138)☆☆☆冲凌
109	109	(1)☆尖石长斧
4752	109	(1)☆☆尖石长斧
4567	109	(1)☆☆☆尖石长斧
110	110	(5)☆青铜长斧
4753	110	(5)☆☆青铜长斧
4568	110	(5)☆☆☆青铜长斧
111	111	(13)☆宣花长斧
4754	111	(13)☆☆宣花长斧
4569	111	(13)☆☆☆宣花长斧
112	112	(21)☆巨灵长斧
4755	112	(21)☆☆巨灵长斧
4570	112	(21)☆☆☆巨灵长斧
143	143	(31)☆裂地长斧
4756	143	(31)☆☆裂地长斧
4571	143	(31)☆☆☆裂地长斧
144	144	(41)☆暗狱长斧
4757	144	(41)☆☆暗狱长斧
4572	144	(41)☆☆☆暗狱长斧
115	115	(51)☆獠牙长斧
4758	115	(51)☆☆獠牙长斧
4573	115	(51)☆☆☆獠牙长斧
1984	1984	(61)☆新月长斧
4759	1984	(61)☆☆新月长斧
4574	1984	(61)☆☆☆新月长斧
5663	5663	(71)☆劈空长斧
5677	5663	(71)☆☆劈空长斧
5671	5663	(71)☆☆☆劈空长斧
5664	5664	(81)☆贯芒长斧
5678	5664	(81)☆☆贯芒长斧
5672	5664	(81)☆☆☆贯芒长斧
5665	5665	(91)☆惊雷
5679	5665	(91)☆☆惊雷
5673	5665	(91)☆☆☆惊雷
5666	5666	(101)☆咆哮
5680	5666	(101)☆☆咆哮
5670	5666	(101)☆☆☆咆哮
5667	5667	(111)☆鸿蒙
5681	5667	(111)☆☆鸿蒙
5674	5667	(111)☆☆☆鸿蒙
5668	5668	(121)☆开天
5682	5668	(121)☆☆开天
5675	5668	(121)☆☆☆开天
5669	5669	(131)☆无妄
5683	5669	(131)☆☆无妄
5676	5669	(131)☆☆☆无妄
100	100	(3)☆粗石斧
4760	100	(3)☆☆粗石斧
4575	100	(3)☆☆☆粗石斧
101	101	(9)☆短柄斧
4761	101	(9)☆☆短柄斧
4576	101	(9)☆☆☆短柄斧
102	102	(17)☆双板斧
4762	102	(17)☆☆双板斧
4577	102	(17)☆☆☆双板斧
103	103	(27)☆蘸金斧
4763	103	(27)☆☆蘸金斧
4578	103	(27)☆☆☆蘸金斧
136	136	(37)☆鱼尾斧
4764	136	(37)☆☆鱼尾斧
4579	136	(37)☆☆☆鱼尾斧
138	138	(47)☆归心斧
4765	138	(47)☆☆归心斧
4580	138	(47)☆☆☆归心斧
1951	1951	(57)☆血河斧
4766	1951	(57)☆☆血河斧
4581	1951	(57)☆☆☆血河斧
1965	1965	(67)☆闪华斧
4767	1965	(67)☆☆闪华斧
4582	1965	(67)☆☆☆闪华斧
5586	5586	(77)☆旋风斧
5600	5586	(77)☆☆旋风斧
5593	5586	(77)☆☆☆旋风斧
5587	5587	(87)☆坠星斧
5601	5587	(87)☆☆坠星斧
5594	5587	(87)☆☆☆坠星斧
5588	5588	(97)☆霹雳
5602	5588	(97)☆☆霹雳
5595	5588	(97)☆☆☆霹雳
5589	5589	(107)☆纵横
5603	5589	(107)☆☆纵横
5596	5589	(107)☆☆☆纵横
5590	5590	(117)☆混沌
5604	5590	(117)☆☆混沌
5597	5590	(117)☆☆☆混沌
5591	5591	(127)☆逆鳞
5605	5591	(127)☆☆逆鳞
5598	5591	(127)☆☆☆逆鳞
5592	5592	(137)☆刑天
5606	5592	(137)☆☆刑天
5599	5592	(137)☆☆☆刑天
11	11	(2)☆工字长锤
4768	11	(2)☆☆工字长锤
4583	11	(2)☆☆☆工字长锤
177	177	(7)☆开山长锤
4769	177	(7)☆☆开山长锤
4584	177	(7)☆☆☆开山长锤
178	178	(15)☆八角长锤
4770	178	(15)☆☆八角长锤
4585	178	(15)☆☆☆八角长锤
179	179	(24)☆瓦棱长锤
4771	179	(24)☆☆瓦棱长锤
4586	179	(24)☆☆☆瓦棱长锤
180	180	(34)☆破冰长锤
4772	180	(34)☆☆破冰长锤
4587	180	(34)☆☆☆破冰长锤
181	181	(44)☆血牙长锤
4773	181	(44)☆☆血牙长锤
4589	181	(44)☆☆☆血牙长锤
1991	1991	(54)☆六丁长锤
4774	1991	(54)☆☆六丁长锤
4590	1991	(54)☆☆☆六丁长锤
1992	1992	(64)☆六甲长锤
4775	1992	(64)☆☆六甲长锤
4591	1992	(64)☆☆☆六甲长锤
5642	5642	(74)☆紫金长锤
5656	5642	(74)☆☆紫金长锤
5649	5642	(74)☆☆☆紫金长锤
5643	5643	(84)☆碎玉长锤
5657	5643	(84)☆☆碎玉长锤
5650	5643	(84)☆☆☆碎玉长锤
5644	5644	(94)☆定音
5658	5644	(94)☆☆定音
5651	5644	(94)☆☆☆定音
5645	5645	(104)☆定神
5659	5645	(104)☆☆定神
5652	5645	(104)☆☆☆定神
5646	5646	(114)☆定海
5660	5646	(114)☆☆定海
5653	5646	(114)☆☆☆定海
5647	5647	(124)☆定世
5661	5647	(124)☆☆定世
5654	5647	(124)☆☆☆定世
5648	5648	(134)☆定宇
5662	5648	(134)☆☆定宇
5655	5648	(134)☆☆☆定宇
119	119	(4)☆坚石锤
4776	119	(4)☆☆坚石锤
4592	119	(4)☆☆☆坚石锤
120	120	(11)☆打铁锤
4777	120	(11)☆☆打铁锤
4593	120	(11)☆☆☆打铁锤
121	121	(19)☆亮银锤
4778	121	(19)☆☆亮银锤
4594	121	(19)☆☆☆亮银锤
173	173	(29)☆镏金锤
4779	173	(29)☆☆镏金锤
4595	173	(29)☆☆☆镏金锤
175	175	(39)☆青犊锤
4780	175	(39)☆☆青犊锤
4596	175	(39)☆☆☆青犊锤
176	176	(49)☆炽焰锤
4781	176	(49)☆☆炽焰锤
4597	176	(49)☆☆☆炽焰锤
1993	1993	(59)☆碧空锤
4782	1993	(59)☆☆碧空锤
4598	1993	(59)☆☆☆碧空锤
1994	1994	(69)☆紫阳锤
4783	1994	(69)☆☆紫阳锤
4599	1994	(69)☆☆☆紫阳锤
5621	5621	(79)☆贯耳锤
5614	5621	(79)☆☆贯耳锤
5607	5621	(79)☆☆☆贯耳锤
5622	5622	(89)☆四猛锤
5615	5622	(89)☆☆四猛锤
5608	5622	(89)☆☆☆四猛锤
5623	5623	(99)☆锁元
5616	5623	(99)☆☆锁元
5609	5623	(99)☆☆☆锁元
5624	5624	(109)☆镇元
5617	5624	(109)☆☆镇元
5610	5624	(109)☆☆☆镇元
5625	5625	(119)☆混元
5618	5625	(119)☆☆混元
5611	5625	(119)☆☆☆混元
5626	5626	(129)☆归元
5619	5626	(129)☆☆归元
5612	5626	(129)☆☆☆归元
5627	5627	(139)☆天元
5620	5627	(139)☆☆天元
5613	5627	(139)☆☆☆天元
195	195	(3)☆手虎刃
4792	195	(3)☆☆手虎刃
4608	195	(3)☆☆☆手虎刃
197	197	(10)☆钢爪刃
4793	197	(10)☆☆钢爪刃
4609	197	(10)☆☆☆钢爪刃
199	199	(18)☆袖里刃
4794	199	(18)☆☆袖里刃
4610	199	(18)☆☆☆袖里刃
201	201	(28)☆银钩刃
4795	201	(28)☆☆银钩刃
4611	201	(28)☆☆☆银钩刃
2036	2036	(38)☆暗影刃
4796	2036	(38)☆☆暗影刃
4612	2036	(38)☆☆☆暗影刃
206	206	(48)☆封喉刃
4797	206	(48)☆☆封喉刃
4613	206	(48)☆☆☆封喉刃
2008	2008	(58)☆夺魄刃
4798	2008	(58)☆☆夺魄刃
4614	2008	(58)☆☆☆夺魄刃
2015	2015	(68)☆追魂刃
4799	2015	(68)☆☆追魂刃
4615	2015	(68)☆☆☆追魂刃
5481	5481	(78)☆瞬杀刃
5495	5481	(78)☆☆瞬杀刃
5488	5481	(78)☆☆☆瞬杀刃
5482	5482	(88)☆暴击刃
5496	5482	(88)☆☆暴击刃
5489	5482	(88)☆☆☆暴击刃
5483	5483	(98)☆断肠
5497	5483	(98)☆☆断肠
5490	5483	(98)☆☆☆断肠
5484	5484	(108)☆漏影
5498	5484	(108)☆☆漏影
5491	5484	(108)☆☆☆漏影
5485	5485	(118)☆九幽
5499	5485	(118)☆☆九幽
5492	5485	(118)☆☆☆九幽
5486	5486	(128)☆修罗
5500	5486	(128)☆☆修罗
5493	5486	(128)☆☆☆修罗
5487	5487	(138)☆冥王
5501	5487	(138)☆☆冥王
5494	5487	(138)☆☆☆冥王
185	185	(1)☆兽皮拳套
4784	185	(1)☆☆兽皮拳套
4600	185	(1)☆☆☆兽皮拳套
186	186	(7)☆粗铜拳套
4785	186	(7)☆☆粗铜拳套
4601	186	(7)☆☆☆粗铜拳套
187	187	(14)☆精铁拳套
4786	187	(14)☆☆精铁拳套
4602	187	(14)☆☆☆精铁拳套
189	189	(23)☆玄钢拳套
4787	189	(23)☆☆玄钢拳套
4603	189	(23)☆☆☆玄钢拳套
190	190	(33)☆灼热拳套
4788	190	(33)☆☆灼热拳套
4604	190	(33)☆☆☆灼热拳套
192	192	(43)☆裂岩拳套
4789	192	(43)☆☆裂岩拳套
4605	192	(43)☆☆☆裂岩拳套
2016	2016	(53)☆激流拳套
4790	2016	(53)☆☆激流拳套
4606	2016	(53)☆☆☆激流拳套
2017	2017	(63)☆炽烈拳套
4791	2017	(63)☆☆炽烈拳套
4607	2017	(63)☆☆☆炽烈拳套
5502	5502	(73)☆瞬击拳套
5516	5502	(73)☆☆瞬击拳套
5509	5502	(73)☆☆☆瞬击拳套
5503	5503	(83)☆贯征拳套
5517	5503	(83)☆☆贯征拳套
5510	5503	(83)☆☆☆贯征拳套
5504	5504	(93)☆魅影
5518	5504	(93)☆☆魅影
5511	5504	(93)☆☆☆魅影
5505	5505	(103)☆厄运
5519	5505	(103)☆☆厄运
5512	5505	(103)☆☆☆厄运
5506	5506	(113)☆决择
5520	5506	(113)☆☆决择
5513	5506	(113)☆☆☆决择
5507	5507	(123)☆悲悯
5521	5507	(123)☆☆悲悯
5514	5507	(123)☆☆☆悲悯
5508	5508	(133)☆灭度
5522	5508	(133)☆☆灭度
5515	5508	(133)☆☆☆灭度
212	212	(1)☆竹木弓
4800	212	(1)☆☆竹木弓
4616	212	(1)☆☆☆竹木弓
214	214	(6)☆穿杨弓
4801	214	(6)☆☆穿杨弓
4617	214	(6)☆☆☆穿杨弓
215	215	(13)☆雀画弓
4802	215	(13)☆☆雀画弓
4618	215	(13)☆☆☆雀画弓
220	220	(22)☆铁胎弓
4803	220	(22)☆☆铁胎弓
4619	220	(22)☆☆☆铁胎弓
223	223	(32)☆疾电弓
4804	223	(32)☆☆疾电弓
4620	223	(32)☆☆☆疾电弓
224	224	(42)☆紫雕弓
4805	224	(42)☆☆紫雕弓
4621	224	(42)☆☆☆紫雕弓
1995	1995	(52)☆银翼弓
4806	1995	(52)☆☆银翼弓
4622	1995	(52)☆☆☆银翼弓
1997	1997	(62)☆鹰击弓
4807	1997	(62)☆☆鹰击弓
4623	1997	(62)☆☆☆鹰击弓
5564	5564	(72)☆新月弓
5579	5564	(72)☆☆新月弓
5572	5564	(72)☆☆☆新月弓
5565	5565	(82)☆射日弓
5580	5565	(82)☆☆射日弓
5573	5565	(82)☆☆☆射日弓
5566	5566	(92)☆凤翔
5581	5566	(92)☆☆凤翔
5574	5566	(92)☆☆☆凤翔
5567	5567	(102)☆龙现
5582	5567	(102)☆☆龙现
5575	5567	(102)☆☆☆龙现
5568	5568	(112)☆羽魂
5583	5568	(112)☆☆羽魂
5576	5568	(112)☆☆☆羽魂
5569	5569	(122)☆灭影
5584	5569	(122)☆☆灭影
5577	5569	(122)☆☆☆灭影
5570	5570	(132)☆逐光
5585	5570	(132)☆☆逐光
5578	5570	(132)☆☆☆逐光
255	255	(3)☆青铜弩
4808	255	(3)☆☆青铜弩
4624	255	(3)☆☆☆青铜弩
260	260	(8)☆十字弩
4809	260	(8)☆☆十字弩
4625	260	(8)☆☆☆十字弩
269	269	(16)☆速射弩
4810	269	(16)☆☆速射弩
4626	269	(16)☆☆☆速射弩
275	275	(25)☆连击弩
4811	275	(25)☆☆连击弩
4627	275	(25)☆☆☆连击弩
282	282	(35)☆神臂弩
4812	282	(35)☆☆神臂弩
4628	282	(35)☆☆☆神臂弩
285	285	(45)☆排云弩
4813	285	(45)☆☆排云弩
4629	285	(45)☆☆☆排云弩
1999	1999	(55)☆射鲛弩
4814	1999	(55)☆☆射鲛弩
4630	1999	(55)☆☆☆射鲛弩
2002	2002	(65)☆破空弩
4815	2002	(65)☆☆破空弩
4631	2002	(65)☆☆☆破空弩
5523	5523	(75)☆安阳弩
5536	5523	(75)☆☆安阳弩
6351	5523	(75)☆☆☆安阳弩
5524	5524	(85)☆诸葛弩
5537	5524	(85)☆☆诸葛弩
5530	5524	(85)☆☆☆诸葛弩
5525	5525	(95)☆落凤
5538	5525	(95)☆☆落凤
5531	5525	(95)☆☆☆落凤
5526	5526	(105)☆元戎
5539	5526	(105)☆☆元戎
5532	5526	(105)☆☆☆元戎
5527	5527	(115)☆千仞
5540	5527	(115)☆☆千仞
5533	5527	(115)☆☆☆千仞
5528	5528	(125)☆万钧
5541	5528	(125)☆☆万钧
5534	5528	(125)☆☆☆万钧
5529	5529	(135)☆神机
5542	5529	(135)☆☆神机
5535	5529	(135)☆☆☆神机
228	228	(4)☆石丸
4816	228	(4)☆☆石丸
4632	228	(4)☆☆☆石丸
229	229	(10)☆铁砂
4817	229	(10)☆☆铁砂
4633	229	(10)☆☆☆铁砂
231	231	(19)☆驱鸟
4818	231	(19)☆☆驱鸟
4634	231	(19)☆☆☆驱鸟
232	232	(28)☆逐雀
4819	232	(28)☆☆逐雀
4635	232	(28)☆☆☆逐雀
233	233	(38)☆牛筋
4820	233	(38)☆☆牛筋
4636	233	(38)☆☆☆牛筋
246	246	(48)☆鹰角
4821	246	(48)☆☆鹰角
4637	246	(48)☆☆☆鹰角
2041	2041	(58)☆击玉
4822	2041	(58)☆☆击玉
4638	2041	(58)☆☆☆击玉
2042	2042	(68)☆连珠
4823	2042	(68)☆☆连珠
4639	2042	(68)☆☆☆连珠
5550	5550	(78)☆迅雷
5557	5550	(78)☆☆迅雷
5543	5550	(78)☆☆☆迅雷
5551	5551	(88)☆骊珠
5558	5551	(88)☆☆骊珠
5544	5551	(88)☆☆☆骊珠
5552	5552	(98)☆铁骑
5559	5552	(98)☆☆铁骑
5545	5552	(98)☆☆☆铁骑
5553	5553	(108)☆银瓶
5560	5553	(108)☆☆银瓶
5546	5553	(108)☆☆☆银瓶
5554	5554	(118)☆玉盘
5561	5554	(118)☆☆玉盘
5547	5554	(118)☆☆☆玉盘
5555	5555	(128)☆霹雳火
5562	5555	(128)☆☆霹雳火
5548	5555	(128)☆☆☆霹雳火
5556	5556	(138)☆震天雷
5563	5556	(138)☆☆震天雷
5549	5556	(138)☆☆☆震天雷
361	361	(1)☆短木杖
4840	361	(1)☆☆短木杖
4656	361	(1)☆☆☆短木杖
364	364	(5)☆骨节杖
4841	364	(5)☆☆骨节杖
4657	364	(5)☆☆☆骨节杖
367	367	(13)☆绿玉杖
4842	367	(13)☆☆绿玉杖
4658	367	(13)☆☆☆绿玉杖
368	368	(21)☆亡灵杖
4843	368	(21)☆☆亡灵杖
4659	368	(21)☆☆☆亡灵杖
373	373	(31)☆聚灵杖
4844	373	(31)☆☆聚灵杖
4660	373	(31)☆☆☆聚灵杖
375	375	(41)☆镇魂杖
4845	375	(41)☆☆镇魂杖
4661	375	(41)☆☆☆镇魂杖
1937	1937	(51)☆通幽杖
4846	1937	(51)☆☆通幽杖
4662	1937	(51)☆☆☆通幽杖
1938	1938	(61)☆启明杖
4847	1938	(61)☆☆启明杖
4663	1938	(61)☆☆☆启明杖
5460	5460	(71)☆役鬼杖
5474	5460	(71)☆☆役鬼杖
5467	5460	(71)☆☆☆役鬼杖
5461	5461	(81)☆驱神杖
5475	5461	(81)☆☆驱神杖
5468	5461	(81)☆☆☆驱神杖
5462	5462	(91)☆璇玑
5476	5462	(91)☆☆璇玑
5469	5462	(91)☆☆☆璇玑
5463	5463	(101)☆囚龙
5477	5463	(101)☆☆囚龙
5470	5463	(101)☆☆☆囚龙
5464	5464	(111)☆枯荣
5478	5464	(111)☆☆枯荣
5471	5464	(111)☆☆☆枯荣
5465	5465	(121)☆苍茫
5479	5465	(121)☆☆苍茫
5472	5465	(121)☆☆☆苍茫
5466	5466	(131)☆封神
5480	5466	(131)☆☆封神
5473	5466	(131)☆☆☆封神
380	380	(4)☆金刚撅
4856	380	(4)☆☆金刚撅
4672	380	(4)☆☆☆金刚撅
381	381	(11)☆韦陀杵
4857	381	(11)☆☆韦陀杵
4673	381	(11)☆☆☆韦陀杵
382	382	(19)☆净土轮
4858	382	(19)☆☆净土轮
4674	382	(19)☆☆☆净土轮
383	383	(29)☆日月钺
4859	383	(29)☆☆日月钺
4675	383	(29)☆☆☆日月钺
384	384	(39)☆降魔杵
4860	384	(39)☆☆降魔杵
4676	384	(39)☆☆☆降魔杵
385	385	(49)☆明王轮
4861	385	(49)☆☆明王轮
4677	385	(49)☆☆☆明王轮
1945	1945	(59)☆罗喉轮
4862	1945	(59)☆☆罗喉轮
4678	1945	(59)☆☆☆罗喉轮
1948	1948	(69)☆昊天轮
4863	1948	(69)☆☆昊天轮
4679	1948	(69)☆☆☆昊天轮
5418	5418	(79)☆五行轮
5432	5418	(79)☆☆五行轮
5425	5418	(79)☆☆☆五行轮
5419	5419	(89)☆三界轮
5433	5419	(89)☆☆三界轮
5426	5419	(89)☆☆☆三界轮
5420	5420	(99)☆伏虎
5434	5420	(99)☆☆伏虎
5427	5420	(99)☆☆☆伏虎
5421	5421	(109)☆降龙
5435	5421	(109)☆☆降龙
5428	5421	(109)☆☆☆降龙
5422	5422	(119)☆天机
5436	5422	(119)☆☆天机
5429	5422	(119)☆☆☆天机
5423	5423	(129)☆转生
5437	5423	(129)☆☆转生
5430	5423	(129)☆☆☆转生
5424	5424	(139)☆大自在
5438	5424	(139)☆☆大自在
5431	5424	(139)☆☆☆大自在
343	343	(2)☆桃木剑
4848	343	(2)☆☆桃木剑
4664	343	(2)☆☆☆桃木剑
345	345	(7)☆松纹剑
4849	345	(7)☆☆松纹剑
4665	345	(7)☆☆☆松纹剑
349	349	(15)☆七星剑
4850	349	(15)☆☆七星剑
4666	349	(15)☆☆☆七星剑
352	352	(24)☆天师剑
4851	352	(24)☆☆天师剑
4667	352	(24)☆☆☆天师剑
357	357	(34)☆摇光剑
4852	357	(34)☆☆摇光剑
4668	357	(34)☆☆☆摇光剑
360	360	(44)☆达摩剑
4853	360	(44)☆☆达摩剑
4669	360	(44)☆☆☆达摩剑
1939	1939	(54)☆真武剑
4854	1939	(54)☆☆真武剑
4670	1939	(54)☆☆☆真武剑
1940	1940	(64)☆玉清剑
4855	1940	(64)☆☆玉清剑
4671	1940	(64)☆☆☆玉清剑
5439	5439	(74)☆上清剑
5453	5439	(74)☆☆上清剑
5446	5439	(74)☆☆☆上清剑
5440	5440	(84)☆太清剑
5454	5440	(84)☆☆太清剑
5447	5440	(84)☆☆☆太清剑
5441	5441	(94)☆太阴
5455	5441	(94)☆☆太阴
5448	5441	(94)☆☆☆太阴
5442	5442	(104)☆太阳
5456	5442	(104)☆☆太阳
5449	5442	(104)☆☆☆太阳
5443	5443	(114)☆太乙
5457	5443	(114)☆☆太乙
5450	5443	(114)☆☆☆太乙
5444	5444	(124)☆太虚
5458	5444	(124)☆☆太虚
5451	5444	(124)☆☆☆太虚
5445	5445	(134)☆太上
5459	5445	(134)☆☆太上
5452	5445	(134)☆☆☆太上
386	386	(3)☆修竹杖
4864	386	(3)☆☆修竹杖
4680	386	(3)☆☆☆修竹杖
387	387	(9)☆鹿角杖
4865	387	(9)☆☆鹿角杖
4681	387	(9)☆☆☆鹿角杖
388	388	(17)☆符文杖
4866	388	(17)☆☆符文杖
4682	388	(17)☆☆☆符文杖
389	389	(27)☆咒血杖
4867	389	(27)☆☆咒血杖
4683	389	(27)☆☆☆咒血杖
390	390	(37)☆菩提杖
4868	390	(37)☆☆菩提杖
4684	390	(37)☆☆☆菩提杖
391	391	(47)☆辟邪幡
4869	391	(47)☆☆辟邪幡
4685	391	(47)☆☆☆辟邪幡
1949	1949	(57)☆逝水幡
4870	1949	(57)☆☆逝水幡
4686	1949	(57)☆☆☆逝水幡
1950	1950	(67)☆招魂幡
4871	1950	(67)☆☆招魂幡
4687	1950	(67)☆☆☆招魂幡
5404	5404	(77)☆驱魔幡
5417	5404	(77)☆☆驱魔幡
5403	5404	(77)☆☆☆驱魔幡
5405	5405	(87)☆疯魔幡
5416	5405	(87)☆☆疯魔幡
5402	5405	(87)☆☆☆疯魔幡
5406	5406	(97)☆雷音
5415	5406	(97)☆☆雷音
5401	5406	(97)☆☆☆雷音
5407	5407	(107)☆般若
5414	5407	(107)☆☆般若
5400	5407	(107)☆☆☆般若
5408	5408	(117)☆九华
5413	5408	(117)☆☆九华
5399	5408	(117)☆☆☆九华
5409	5409	(127)☆逆天
5412	5409	(127)☆☆逆天
5398	5409	(127)☆☆☆逆天
5410	5410	(137)☆涅磐
5411	5410	(137)☆☆涅磐
5397	5410	(137)☆☆☆涅磐
8270	100001	(22)★火云剑
8274	100001	(30)★双飞燕
8272	100001	(42)★玄阴刀
8271	100001	(61)★幻舞隐月剑
8719	100001	(88)★梵天魔刀
8273	100001	(98)★九鬼破天
9336	100001	(115)★鸾凤齐鸣
8275	100001	(51)★天叱宝刀
8278	100001	(71)★煞灵鬼头叉
8276	100001	(78)★乘胜万里伏
8277	100001	(99)★绝天龙牙枪
9337	100001	(105)★五雷轰顶
8292	100001	(20)★定光拳套
8288	100001	(30)★荆棘刺
8293	100001	(40)★鬼雄拳套
8289	100001	(50)★芙蓉刺
8294	100001	(60)★灭魂拳套
8290	100001	(70)★紫电辟邪
8295	100001	(98)★真刚拳套
8291	100001	(80)★蜻蜓刺玉
8296	100001	(105)★掩日断水
8282	100001	(22)★黑巢降魔斧
8286	100001	(30)★鬼啸战斧
8279	100001	(41)★玄冥长锤
8284	100001	(52)★叱风战锤
8283	100001	(62)★万钧巨斧
8287	100001	(70)★血煞斧
8280	100001	(79)★玄铁重锤
8285	100001	(97)★龙彩双锤
8718	100001	(98)★九鬼归命
8281	100001	(87)★帝蛮锤
9338	100001	(129)★海天一线
9339	100001	(115)★大旋风
8306	100001	(22)★烈炎杖
8308	100001	(22)★玄影法剑
8309	100001	(30)★藏星剑
8312	100001	(43)★阴阳夺魄轮
8314	100001	(52)★菩提宝杖
8307	100001	(60)★驱龙杖
8310	100001	(70)★灵犀释厄剑
8313	100001	(79)★沉水龙雀
8315	100001	(97)★九尺墨影
8717	100001	(98)★九鬼闪雷
8311	100001	(89)★倚天镇魂剑
9340	100001	(99)★金顶佛光
9341	100001	(115)★如律令
8297	100001	(22)★月灵弓
8303	100001	(30)★逐光弩
8301	100001	(42)★鬼阴
8298	100001	(53)★穿云弓
8304	100001	(61)★天劫射日弩
8302	100001	(69)★风云
8299	100001	(80)★神武镇天弓
8716	100001	(98)★九鬼裂风
8305	100001	(88)★百里追风弩
8300	100001	(96)★太乙破阕弓
9342	100001	(129)★白驹
9343	100001	(129)★灭绝
8398	100001	(119)★★巨阙
8402	100001	(119)★★玄德双剑
8396	100001	(99)★★霸道
8400	100001	(119)★★两昆仑
8399	100001	(129)★★纯钧
8403	100001	(129)★★莫干双剑
8397	100001	(129)★★小楼一夜听春雨
8401	100001	(129)★★吴钩
8411	100001	(109)★★破野
8404	100001	(109)★★火烧天
8409	100001	(109)★★岳王
8408	100001	(99)★★横行
8412	100001	(119)★★泰山石敢当
8534	100001	(119)★★绝地天通
8410	100001	(129)★★返日
8413	100001	(129)★★游丝
8418	100001	(99)★★泰森
8419	100001	(109)★★暗黑
8415	100001	(109)★★公孙剑器
8414	100001	(109)★★寒烟翠
8420	100001	(119)★★沉舟
8416	100001	(119)★★徐夫人
8421	100001	(129)★★风火轮
8417	100001	(129)★★鱼肠
8428	100001	(119)★★相忘江湖
8422	100001	(119)★★坚城
8426	100001	(119)★★擂鼓轰金
8424	100001	(99)★★乾坤一掷
8425	100001	(129)★★沉香
8429	100001	(129)★★黑旋风
8423	100001	(129)★★赤霄
8427	100001	(60)★★元霸
8432	100001	(119)★★律令
8434	100001	(119)★★须陀
8436	100001	(119)★★苦海
8430	100001	(99)★★不系舟
8431	100001	(129)★★润琦
8433	100001	(129)★★太上忘情
8435	100001	(129)★★六道轮回
8437	100001	(129)★★楚殇
8443	100001	(109)★★七罪
8440	100001	(109)★★丑奴儿
8438	100001	(119)★★相思入骨
8444	100001	(99)★★秦皇
8441	100001	(119)★★金弹子
8439	100001	(129)★★后羿
8445	100001	(129)★★安阳王神弩
8442	100001	(129)★★红衣大将军
10136	100001	(95)★紫星
10138	100001	(95)★天瀑
10146	100001	(95)★逐日
10142	100001	(95)★震岳
10150	100001	(95)★百辟
10139	100001	(95)★巫月
10148	100001	(95)★追命
10143	100001	(95)★霸天
10135	100001	(105)★莫问
10140	100001	(105)★逸龙
10149	100001	(105)★飞虹
10144	100001	(105)★八荒
10137	100001	(105)★赤炼
10141	100001	(105)★舍神
10147	100001	(105)★邪影
10145	100001	(105)★斩魂
12646	100001	(100)★王者之心利刃
12647	100001	(100)★自然之语法剑
12648	100001	(100)★卓越之光宝轮
12649	100001	(100)★猎影之风长弓
12650	100001	(100)★霸天之力战锤
12651	100001	(100)★预言之歌法杖
128	128	(1)☆守护战甲
4872	128	(1)☆☆守护战甲
4992	128	(1)☆☆☆守护战甲
133	133	(5)☆锁子战甲
4873	133	(5)☆☆锁子战甲
4993	133	(5)☆☆☆锁子战甲
134	134	(12)☆秘银战甲
4874	134	(12)☆☆秘银战甲
4994	134	(12)☆☆☆秘银战甲
135	135	(20)☆紫金战甲
4875	135	(20)☆☆紫金战甲
4995	135	(20)☆☆☆紫金战甲
137	137	(30)☆炼狱战甲
4876	137	(30)☆☆炼狱战甲
4996	137	(30)☆☆☆炼狱战甲
139	139	(40)☆凝血战甲
4877	139	(40)☆☆凝血战甲
4997	139	(40)☆☆☆凝血战甲
1874	1874	(50)☆天心战甲
4878	1874	(50)☆☆天心战甲
4998	1874	(50)☆☆☆天心战甲
1875	1875	(60)☆应龙战甲
4879	1875	(60)☆☆应龙战甲
4999	1875	(60)☆☆☆应龙战甲
5242	5242	(70)☆奇门战甲
6071	5242	(70)☆☆奇门战甲
6078	5242	(70)☆☆☆奇门战甲
5243	5243	(80)☆金汤战甲
6072	5243	(80)☆☆金汤战甲
6079	5243	(80)☆☆☆金汤战甲
5244	5244	(90)☆麒麟战甲
6073	5244	(90)☆☆麒麟战甲
6080	5244	(90)☆☆☆麒麟战甲
6067	6067	(100)☆神威战甲
6074	6067	(100)☆☆神威战甲
6081	6067	(100)☆☆☆神威战甲
6068	6068	(110)☆九鼎战甲
6075	6068	(110)☆☆九鼎战甲
6082	6068	(110)☆☆☆九鼎战甲
6069	6069	(120)☆蚩尤战甲
6076	6069	(120)☆☆蚩尤战甲
6083	6069	(120)☆☆☆蚩尤战甲
6070	6070	(130)☆轩辕战甲
6077	6070	(130)☆☆轩辕战甲
6084	6070	(130)☆☆☆轩辕战甲
141	141	(1)☆软皮战铠
4880	141	(1)☆☆软皮战铠
5000	141	(1)☆☆☆软皮战铠
142	142	(5)☆鹿皮战铠
4881	142	(5)☆☆鹿皮战铠
5001	142	(5)☆☆☆鹿皮战铠
145	145	(12)☆连环战铠
4882	145	(12)☆☆连环战铠
5002	145	(12)☆☆☆连环战铠
146	146	(20)☆明光战铠
4883	146	(20)☆☆明光战铠
5003	146	(20)☆☆☆明光战铠
149	149	(30)☆灵狮战铠
4884	149	(30)☆☆灵狮战铠
5004	149	(30)☆☆☆灵狮战铠
152	152	(40)☆流光战铠
4885	152	(40)☆☆流光战铠
5005	152	(40)☆☆☆流光战铠
1872	1872	(50)☆冥祥战铠
4886	1872	(50)☆☆冥祥战铠
5006	1872	(50)☆☆☆冥祥战铠
1873	1873	(60)☆羽嘉战铠
4887	1873	(60)☆☆羽嘉战铠
5007	1873	(60)☆☆☆羽嘉战铠
5245	5245	(70)☆九命战铠
6053	5245	(70)☆☆九命战铠
6060	5245	(70)☆☆☆九命战铠
5246	5246	(80)☆叱咤战铠
6054	5246	(80)☆☆叱咤战铠
6061	5246	(80)☆☆☆叱咤战铠
5247	5247	(90)☆鲲鹏战铠
6055	5247	(90)☆☆鲲鹏战铠
6062	5247	(90)☆☆☆鲲鹏战铠
6049	6049	(100)☆骐骥战铠
6056	6049	(100)☆☆骐骥战铠
6063	6049	(100)☆☆☆骐骥战铠
6050	6050	(110)☆龟蛇战铠
6057	6050	(110)☆☆龟蛇战铠
6064	6050	(110)☆☆☆龟蛇战铠
6051	6051	(120)☆北冥战铠
6058	6051	(120)☆☆北冥战铠
6065	6051	(120)☆☆☆北冥战铠
6052	6052	(130)☆逍遥战铠
6059	6052	(130)☆☆逍遥战铠
6066	6052	(130)☆☆☆逍遥战铠
154	154	(1)☆修行袍
4888	154	(1)☆☆修行袍
5008	154	(1)☆☆☆修行袍
155	155	(5)☆灵符袍
4889	155	(5)☆☆灵符袍
5009	155	(5)☆☆☆灵符袍
157	157	(12)☆咒术袍
4890	157	(12)☆☆咒术袍
5010	157	(12)☆☆☆咒术袍
159	159	(20)☆秘法袍
4891	159	(20)☆☆秘法袍
5011	159	(20)☆☆☆秘法袍
160	160	(30)☆灵曦袍
4892	160	(30)☆☆灵曦袍
5012	160	(30)☆☆☆灵曦袍
161	161	(40)☆怨魂袍
4893	161	(40)☆☆怨魂袍
5013	161	(40)☆☆☆怨魂袍
1870	1870	(50)☆龟灵袍
4894	1870	(50)☆☆龟灵袍
5014	1870	(50)☆☆☆龟灵袍
1871	1871	(60)☆玄黄袍
4895	1871	(60)☆☆玄黄袍
5015	1871	(60)☆☆☆玄黄袍
5248	5248	(70)☆洪荒袍
6035	5248	(70)☆☆洪荒袍
6042	5248	(70)☆☆☆洪荒袍
5249	5249	(80)☆紫绶袍
6036	5249	(80)☆☆紫绶袍
6043	5249	(80)☆☆☆紫绶袍
5250	5250	(90)☆两仪袍
6037	5250	(90)☆☆两仪袍
6044	5250	(90)☆☆☆两仪袍
6031	6031	(100)☆四相袍
6038	6031	(100)☆☆四相袍
6045	6031	(100)☆☆☆四相袍
6032	6032	(110)☆八卦袍
6039	6032	(110)☆☆八卦袍
6046	6032	(110)☆☆☆八卦袍
6033	6033	(120)☆万象袍
6040	6033	(120)☆☆万象袍
6047	6033	(120)☆☆☆万象袍
6034	6034	(130)☆太极袍
6041	6034	(130)☆☆太极袍
6048	6034	(130)☆☆☆太极袍
165	165	(2)☆守护腿甲
4896	165	(2)☆☆守护腿甲
5016	165	(2)☆☆☆守护腿甲
166	166	(8)☆锁子腿甲
4897	166	(8)☆☆锁子腿甲
5017	166	(8)☆☆☆锁子腿甲
167	167	(15)☆秘银腿甲
4898	167	(15)☆☆秘银腿甲
5018	167	(15)☆☆☆秘银腿甲
168	168	(23)☆紫金腿甲
4899	168	(23)☆☆紫金腿甲
5019	168	(23)☆☆☆紫金腿甲
169	169	(33)☆炼狱腿甲
4900	169	(33)☆☆炼狱腿甲
5020	169	(33)☆☆☆炼狱腿甲
170	170	(43)☆凝血腿甲
4901	170	(43)☆☆凝血腿甲
5021	170	(43)☆☆☆凝血腿甲
1866	1866	(53)☆天心腿甲
4902	1866	(53)☆☆天心腿甲
5022	1866	(53)☆☆☆天心腿甲
1867	1867	(63)☆应龙腿甲
4903	1867	(63)☆☆应龙腿甲
5023	1867	(63)☆☆☆应龙腿甲
5251	5251	(73)☆奇门腿甲
5998	5251	(73)☆☆奇门腿甲
6005	5251	(73)☆☆☆奇门腿甲
5252	5252	(83)☆金汤腿甲
5999	5252	(83)☆☆金汤腿甲
6006	5252	(83)☆☆☆金汤腿甲
5253	5253	(93)☆麒麟腿甲
6000	5253	(93)☆☆麒麟腿甲
6007	5253	(93)☆☆☆麒麟腿甲
5994	5994	(103)☆神威腿甲
6001	5994	(103)☆☆神威腿甲
6008	5994	(103)☆☆☆神威腿甲
5995	5995	(113)☆九鼎腿甲
6002	5995	(113)☆☆九鼎腿甲
6009	5995	(113)☆☆☆九鼎腿甲
5996	5996	(123)☆蚩尤腿甲
6003	5996	(123)☆☆蚩尤腿甲
6010	5996	(123)☆☆☆蚩尤腿甲
5997	5997	(133)☆轩辕腿甲
6004	5997	(133)☆☆轩辕腿甲
6011	5997	(133)☆☆☆轩辕腿甲
191	191	(2)☆软皮下铠
4904	191	(2)☆☆软皮下铠
5024	191	(2)☆☆☆软皮下铠
193	193	(8)☆鹿皮下铠
4905	193	(8)☆☆鹿皮下铠
5025	193	(8)☆☆☆鹿皮下铠
194	194	(15)☆连环下铠
4906	194	(15)☆☆连环下铠
5026	194	(15)☆☆☆连环下铠
196	196	(23)☆明光下铠
4907	196	(23)☆☆明光下铠
5027	196	(23)☆☆☆明光下铠
198	198	(33)☆灵狮下铠
4908	198	(33)☆☆灵狮下铠
5028	198	(33)☆☆☆灵狮下铠
200	200	(43)☆流光下铠
4909	200	(43)☆☆流光下铠
5029	200	(43)☆☆☆流光下铠
1864	1864	(53)☆冥祥下铠
4910	1864	(53)☆☆冥祥下铠
5030	1864	(53)☆☆☆冥祥下铠
1865	1865	(63)☆羽嘉下铠
4911	1865	(63)☆☆羽嘉下铠
5031	1865	(63)☆☆☆羽嘉下铠
5254	5254	(73)☆九命下铠
5979	5254	(73)☆☆九命下铠
5986	5254	(73)☆☆☆九命下铠
5255	5255	(83)☆叱咤下铠
5980	5255	(83)☆☆叱咤下铠
5987	5255	(83)☆☆☆叱咤下铠
5256	5256	(93)☆鲲鹏下铠
5981	5256	(93)☆☆鲲鹏下铠
5988	5256	(93)☆☆☆鲲鹏下铠
5975	5975	(103)☆骐骥下铠
5982	5975	(103)☆☆骐骥下铠
5989	5975	(103)☆☆☆骐骥下铠
5976	5976	(113)☆龟蛇下铠
5983	5976	(113)☆☆龟蛇下铠
5990	5976	(113)☆☆☆龟蛇下铠
5977	5977	(123)☆北冥下铠
5984	5977	(123)☆☆北冥下铠
5991	5977	(123)☆☆☆北冥下铠
5978	5978	(133)☆逍遥下铠
5985	5978	(133)☆☆逍遥下铠
5992	5978	(133)☆☆☆逍遥下铠
204	204	(2)☆修行裤
4912	204	(2)☆☆修行裤
5032	204	(2)☆☆☆修行裤
205	205	(8)☆灵符裤
4913	205	(8)☆☆灵符裤
5033	205	(8)☆☆☆灵符裤
207	207	(15)☆咒术裤
4914	207	(15)☆☆咒术裤
5034	207	(15)☆☆☆咒术裤
208	208	(23)☆秘法裤
4915	208	(23)☆☆秘法裤
5035	208	(23)☆☆☆秘法裤
211	211	(33)☆灵曦裤
4916	211	(33)☆☆灵曦裤
5036	211	(33)☆☆☆灵曦裤
213	213	(43)☆怨魂裤
4917	213	(43)☆☆怨魂裤
5037	213	(43)☆☆☆怨魂裤
1862	1862	(53)☆龟灵裤
4918	1862	(53)☆☆龟灵裤
5038	1862	(53)☆☆☆龟灵裤
1863	1863	(63)☆玄黄裤
4919	1863	(63)☆☆玄黄裤
5039	1863	(63)☆☆☆玄黄裤
5257	5257	(73)☆洪荒裤
5961	5257	(73)☆☆洪荒裤
5968	5257	(73)☆☆☆洪荒裤
5258	5258	(83)☆紫绶裤
5962	5258	(83)☆☆紫绶裤
5969	5258	(83)☆☆☆紫绶裤
5259	5259	(93)☆两仪裤
5963	5259	(93)☆☆两仪裤
5970	5259	(93)☆☆☆两仪裤
5957	5957	(103)☆四相裤
5964	5957	(103)☆☆四相裤
5971	5957	(103)☆☆☆四相裤
5958	5958	(113)☆八卦裤
5965	5958	(113)☆☆八卦裤
5972	5958	(113)☆☆☆八卦裤
5959	5959	(123)☆万象裤
5966	5959	(123)☆☆万象裤
5973	5959	(123)☆☆☆万象裤
5960	5960	(133)☆太极裤
5967	5960	(133)☆☆太极裤
5974	5960	(133)☆☆☆太极裤
221	221	(4)☆守护靴
4920	221	(4)☆☆守护靴
5041	221	(4)☆☆☆守护靴
222	222	(10)☆锁子靴
4921	222	(10)☆☆锁子靴
5042	222	(10)☆☆☆锁子靴
225	225	(18)☆秘银靴
4922	225	(18)☆☆秘银靴
5043	225	(18)☆☆☆秘银靴
226	226	(26)☆紫金靴
4923	226	(26)☆☆紫金靴
5044	226	(26)☆☆☆紫金靴
227	227	(36)☆炼狱靴
4924	227	(36)☆☆炼狱靴
5045	227	(36)☆☆☆炼狱靴
230	230	(46)☆凝血靴
4925	230	(46)☆☆凝血靴
5046	230	(46)☆☆☆凝血靴
1884	1884	(56)☆天心靴
4926	1884	(56)☆☆天心靴
5047	1884	(56)☆☆☆天心靴
1885	1885	(66)☆应龙靴
4927	1885	(66)☆☆应龙靴
5048	1885	(66)☆☆☆应龙靴
5260	5260	(76)☆奇门靴
6161	5260	(76)☆☆奇门靴
6168	5260	(76)☆☆☆奇门靴
5261	5261	(86)☆金汤靴
6162	5261	(86)☆☆金汤靴
6169	5261	(86)☆☆☆金汤靴
5262	5262	(96)☆麒麟靴
6163	5262	(96)☆☆麒麟靴
6170	5262	(96)☆☆☆麒麟靴
6157	6157	(106)☆神威靴
6164	6157	(106)☆☆神威靴
6171	6157	(106)☆☆☆神威靴
6158	6158	(116)☆九鼎靴
6165	6158	(116)☆☆九鼎靴
6172	6158	(116)☆☆☆九鼎靴
6159	6159	(126)☆蚩尤靴
6166	6159	(126)☆☆蚩尤靴
6173	6159	(126)☆☆☆蚩尤靴
6160	6160	(136)☆轩辕靴
6167	6160	(136)☆☆轩辕靴
6174	6160	(136)☆☆☆轩辕靴
237	237	(4)☆软皮鞋
4928	237	(4)☆☆软皮鞋
5050	237	(4)☆☆☆软皮鞋
238	238	(10)☆鹿皮鞋
4929	238	(10)☆☆鹿皮鞋
5051	238	(10)☆☆☆鹿皮鞋
239	239	(18)☆连环鞋
4930	239	(18)☆☆连环鞋
5052	239	(18)☆☆☆连环鞋
240	240	(26)☆明光鞋
4931	240	(26)☆☆明光鞋
5053	240	(26)☆☆☆明光鞋
242	242	(36)☆灵狮鞋
4932	242	(36)☆☆灵狮鞋
5054	242	(36)☆☆☆灵狮鞋
249	249	(46)☆流光鞋
4933	249	(46)☆☆流光鞋
5055	249	(46)☆☆☆流光鞋
1880	1880	(56)☆冥祥鞋
4934	1880	(56)☆☆冥祥鞋
5056	1880	(56)☆☆☆冥祥鞋
1881	1881	(66)☆羽嘉鞋
4935	1881	(66)☆☆羽嘉鞋
5057	1881	(66)☆☆☆羽嘉鞋
5263	5263	(76)☆九命鞋
6125	5263	(76)☆☆九命鞋
6132	5263	(76)☆☆☆九命鞋
5264	5264	(86)☆叱咤鞋
6126	5264	(86)☆☆叱咤鞋
6133	5264	(86)☆☆☆叱咤鞋
5265	5265	(96)☆鲲鹏鞋
6127	5265	(96)☆☆鲲鹏鞋
6134	5265	(96)☆☆☆鲲鹏鞋
6121	6121	(106)☆骐骥鞋
6128	6121	(106)☆☆骐骥鞋
6135	6121	(106)☆☆☆骐骥鞋
6122	6122	(116)☆龟蛇鞋
6129	6122	(116)☆☆龟蛇鞋
6136	6122	(116)☆☆☆龟蛇鞋
6123	6123	(126)☆北冥鞋
6130	6123	(126)☆☆北冥鞋
6137	6123	(126)☆☆☆北冥鞋
6124	6124	(136)☆逍遥鞋
6131	6124	(136)☆☆逍遥鞋
6138	6124	(136)☆☆☆逍遥鞋
252	252	(4)☆修行履
4936	252	(4)☆☆修行履
5058	252	(4)☆☆☆修行履
257	257	(10)☆灵符履
4937	257	(10)☆☆灵符履
5059	257	(10)☆☆☆灵符履
264	264	(18)☆咒术履
4938	264	(18)☆☆咒术履
5060	264	(18)☆☆☆咒术履
273	273	(26)☆秘法履
4939	273	(26)☆☆秘法履
5061	273	(26)☆☆☆秘法履
279	279	(36)☆灵曦履
4940	279	(36)☆☆灵曦履
5062	279	(36)☆☆☆灵曦履
283	283	(46)☆怨魂履
4941	283	(46)☆☆怨魂履
5063	283	(46)☆☆☆怨魂履
1882	1882	(56)☆龟灵履
4942	1882	(56)☆☆龟灵履
5064	1882	(56)☆☆☆龟灵履
1883	1883	(66)☆玄黄履
4943	1883	(66)☆☆玄黄履
5065	1883	(66)☆☆☆玄黄履
5266	5266	(76)☆洪荒履
6143	5266	(76)☆☆洪荒履
6150	5266	(76)☆☆☆洪荒履
5267	5267	(86)☆紫绶履
6144	5267	(86)☆☆紫绶履
6151	5267	(86)☆☆☆紫绶履
5268	5268	(96)☆两仪履
6145	5268	(96)☆☆两仪履
6152	5268	(96)☆☆☆两仪履
6139	6139	(106)☆四相履
6146	6139	(106)☆☆四相履
6153	6139	(106)☆☆☆四相履
6140	6140	(116)☆八卦履
6147	6140	(116)☆☆八卦履
6154	6140	(116)☆☆☆八卦履
6141	6141	(126)☆万象履
6148	6141	(126)☆☆万象履
6155	6141	(126)☆☆☆万象履
6142	6142	(136)☆太极履
6149	6142	(136)☆☆太极履
6156	6142	(136)☆☆☆太极履
348	348	(3)☆守护袖甲
4944	348	(3)☆☆守护袖甲
5066	348	(3)☆☆☆守护袖甲
350	350	(9)☆锁子袖甲
4945	350	(9)☆☆锁子袖甲
5067	350	(9)☆☆☆锁子袖甲
351	351	(16)☆秘银袖甲
4946	351	(16)☆☆秘银袖甲
5068	351	(16)☆☆☆秘银袖甲
353	353	(24)☆紫金袖甲
4947	353	(24)☆☆紫金袖甲
5069	353	(24)☆☆☆紫金袖甲
354	354	(34)☆炼狱袖甲
4948	354	(34)☆☆炼狱袖甲
5070	354	(34)☆☆☆炼狱袖甲
355	355	(44)☆凝血袖甲
4949	355	(44)☆☆凝血袖甲
5071	355	(44)☆☆☆凝血袖甲
1860	1860	(54)☆天心袖甲
4950	1860	(54)☆☆天心袖甲
5072	1860	(54)☆☆☆天心袖甲
1861	1861	(64)☆应龙袖甲
4951	1861	(64)☆☆应龙袖甲
5073	1861	(64)☆☆☆应龙袖甲
5269	5269	(74)☆奇门袖甲
5899	5269	(74)☆☆奇门袖甲
5906	5269	(74)☆☆☆奇门袖甲
5270	5270	(84)☆金汤袖甲
5900	5270	(84)☆☆金汤袖甲
5907	5270	(84)☆☆☆金汤袖甲
5271	5271	(94)☆麒麟袖甲
5901	5271	(94)☆☆麒麟袖甲
5908	5271	(94)☆☆☆麒麟袖甲
5895	5895	(104)☆神威袖甲
5902	5895	(104)☆☆神威袖甲
5909	5895	(104)☆☆☆神威袖甲
5896	5896	(114)☆九鼎袖甲
5903	5896	(114)☆☆九鼎袖甲
5910	5896	(114)☆☆☆九鼎袖甲
5897	5897	(124)☆蚩尤袖甲
5904	5897	(124)☆☆蚩尤袖甲
5911	5897	(124)☆☆☆蚩尤袖甲
5898	5898	(134)☆轩辕袖甲
5905	5898	(134)☆☆轩辕袖甲
5912	5898	(134)☆☆☆轩辕袖甲
2876	2876	(3)☆软皮腕甲
4952	2876	(3)☆☆软皮腕甲
5074	2876	(3)☆☆☆软皮腕甲
2877	2877	(9)☆鹿皮腕甲
4953	2877	(9)☆☆鹿皮腕甲
5075	2877	(9)☆☆☆鹿皮腕甲
2878	2878	(16)☆连环腕甲
4954	2878	(16)☆☆连环腕甲
5076	2878	(16)☆☆☆连环腕甲
2879	2879	(24)☆明光腕甲
4955	2879	(24)☆☆明光腕甲
5077	2879	(24)☆☆☆明光腕甲
2880	2880	(34)☆灵狮腕甲
4956	2880	(34)☆☆灵狮腕甲
5078	2880	(34)☆☆☆灵狮腕甲
2881	2881	(44)☆流光腕甲
4957	2881	(44)☆☆流光腕甲
5079	2881	(44)☆☆☆流光腕甲
2882	2882	(54)☆冥祥腕甲
4958	2882	(54)☆☆冥祥腕甲
5080	2882	(54)☆☆☆冥祥腕甲
2883	2883	(64)☆羽嘉腕甲
4959	2883	(64)☆☆羽嘉腕甲
5081	2883	(64)☆☆☆羽嘉腕甲
5272	5272	(74)☆九命腕甲
5917	5272	(74)☆☆九命腕甲
5924	5272	(74)☆☆☆九命腕甲
5273	5273	(84)☆叱咤腕甲
5918	5273	(84)☆☆叱咤腕甲
5925	5273	(84)☆☆☆叱咤腕甲
5274	5274	(94)☆鲲鹏腕甲
5919	5274	(94)☆☆鲲鹏腕甲
5926	5274	(94)☆☆☆鲲鹏腕甲
5913	5913	(104)☆骐骥腕甲
5920	5913	(104)☆☆骐骥腕甲
5927	5913	(104)☆☆☆骐骥腕甲
5914	5914	(114)☆龟蛇腕甲
5921	5914	(114)☆☆龟蛇腕甲
5928	5914	(114)☆☆☆龟蛇腕甲
5915	5915	(124)☆北冥腕甲
5922	5915	(124)☆☆北冥腕甲
5929	5915	(124)☆☆☆北冥腕甲
5916	5916	(134)☆逍遥腕甲
5923	5916	(134)☆☆逍遥腕甲
5930	5916	(134)☆☆☆逍遥腕甲
358	358	(3)☆修行护腕
4960	358	(3)☆☆修行护腕
5082	358	(3)☆☆☆修行护腕
359	359	(9)☆灵符护腕
4961	359	(9)☆☆灵符护腕
5083	359	(9)☆☆☆灵符护腕
362	362	(16)☆咒术护腕
4962	362	(16)☆☆咒术护腕
5084	362	(16)☆☆☆咒术护腕
363	363	(24)☆秘法护腕
4963	363	(24)☆☆秘法护腕
5085	363	(24)☆☆☆秘法护腕
365	365	(34)☆灵曦护腕
4964	365	(34)☆☆灵曦护腕
5086	365	(34)☆☆☆灵曦护腕
366	366	(44)☆怨魂护腕
4965	366	(44)☆☆怨魂护腕
5087	366	(44)☆☆☆怨魂护腕
1858	1858	(54)☆龟灵护腕
4966	1858	(54)☆☆龟灵护腕
5088	1858	(54)☆☆☆龟灵护腕
1859	1859	(64)☆玄黄护腕
4967	1859	(64)☆☆玄黄护腕
5089	1859	(64)☆☆☆玄黄护腕
5275	5275	(74)☆洪荒护腕
5935	5275	(74)☆☆洪荒护腕
5942	5275	(74)☆☆☆洪荒护腕
5276	5276	(84)☆紫绶护腕
5936	5276	(84)☆☆紫绶护腕
5944	5276	(84)☆☆☆紫绶护腕
5277	5277	(94)☆两仪护腕
5937	5277	(94)☆☆两仪护腕
5946	5277	(94)☆☆☆两仪护腕
5931	5931	(104)☆四相护腕
5938	5931	(104)☆☆四相护腕
5947	5931	(104)☆☆☆四相护腕
5932	5932	(114)☆八卦护腕
5939	5932	(114)☆☆八卦护腕
5948	5932	(114)☆☆☆八卦护腕
5933	5933	(124)☆万象护腕
5940	5933	(124)☆☆万象护腕
5950	5933	(124)☆☆☆万象护腕
5934	5934	(134)☆太极护腕
5941	5934	(134)☆☆太极护腕
5953	5934	(134)☆☆☆太极护腕
319	319	(1)☆青铜盔
4968	319	(1)☆☆青铜盔
5090	319	(1)☆☆☆青铜盔
322	322	(6)☆虎头盔
4969	322	(6)☆☆虎头盔
5091	322	(6)☆☆☆虎头盔
324	324	(13)☆怒旌盔
4970	324	(13)☆☆怒旌盔
5092	324	(13)☆☆☆怒旌盔
325	325	(21)☆五遁盔
4971	325	(21)☆☆五遁盔
5093	325	(21)☆☆☆五遁盔
326	326	(31)☆分光盔
4972	326	(31)☆☆分光盔
5094	326	(31)☆☆☆分光盔
328	328	(41)☆阎魔盔
4973	328	(41)☆☆阎魔盔
5095	328	(41)☆☆☆阎魔盔
1878	1878	(51)☆归元盔
4974	1878	(51)☆☆归元盔
5096	1878	(51)☆☆☆归元盔
1879	1879	(61)☆辟邪盔
4975	1879	(61)☆☆辟邪盔
5097	1879	(61)☆☆☆辟邪盔
5278	5278	(71)☆吞云盔
6107	5278	(71)☆☆吞云盔
6114	5278	(71)☆☆☆吞云盔
5279	5279	(81)☆振霆盔
6108	5279	(81)☆☆振霆盔
6115	5279	(81)☆☆☆振霆盔
5280	5280	(91)☆天河盔
6109	5280	(91)☆☆天河盔
6116	5280	(91)☆☆☆天河盔
6103	6103	(101)☆濯缨盔
6110	6103	(101)☆☆濯缨盔
6117	6103	(101)☆☆☆濯缨盔
6104	6104	(111)☆百战盔
6111	6104	(111)☆☆百战盔
6118	6104	(111)☆☆☆百战盔
6105	6105	(121)☆至尊盔
6112	6105	(121)☆☆至尊盔
6119	6105	(121)☆☆☆至尊盔
6106	6106	(131)☆撼天盔
6113	6106	(131)☆☆撼天盔
6120	6106	(131)☆☆☆撼天盔
333	333	(1)☆粗布巾
4976	333	(1)☆☆粗布巾
5098	333	(1)☆☆☆粗布巾
335	335	(6)☆软丝巾
4977	335	(6)☆☆软丝巾
5099	335	(6)☆☆☆软丝巾
337	337	(13)☆冰蚕冠
4978	337	(13)☆☆冰蚕冠
5100	337	(13)☆☆☆冰蚕冠
341	341	(21)☆羽鳞冠
4979	341	(21)☆☆羽鳞冠
5101	341	(21)☆☆☆羽鳞冠
342	342	(31)☆凌霜冠
4980	342	(31)☆☆凌霜冠
5102	342	(31)☆☆☆凌霜冠
344	344	(41)☆欺雪冠
4981	344	(41)☆☆欺雪冠
5103	344	(41)☆☆☆欺雪冠
1876	1876	(51)☆暮雨冠
4982	1876	(51)☆☆暮雨冠
5104	1876	(51)☆☆☆暮雨冠
1877	1877	(61)☆映彤冠
4983	1877	(61)☆☆映彤冠
5105	1877	(61)☆☆☆映彤冠
5281	5281	(71)☆博古冠
6089	5281	(71)☆☆博古冠
6096	5281	(71)☆☆☆博古冠
5282	5282	(81)☆无极冠
6090	5282	(81)☆☆无极冠
6097	5282	(81)☆☆☆无极冠
5283	5283	(91)☆返璞冠
6091	5283	(91)☆☆返璞冠
6098	5283	(91)☆☆☆返璞冠
6085	6085	(101)☆冲天冠
6092	6085	(101)☆☆冲天冠
6099	6085	(101)☆☆☆冲天冠
6086	6086	(111)☆通今冠
6093	6086	(111)☆☆通今冠
6100	6086	(111)☆☆☆通今冠
6087	6087	(121)☆归真冠
6094	6087	(121)☆☆归真冠
6101	6087	(121)☆☆☆归真冠
6088	6088	(131)☆圣贤冠
6095	6088	(131)☆☆圣贤冠
6102	6088	(131)☆☆☆圣贤冠
371	371	(4)☆守护斗篷
4984	371	(4)☆☆守护斗篷
5106	371	(4)☆☆☆守护斗篷
372	372	(11)☆幸运斗篷
4985	372	(11)☆☆幸运斗篷
5107	372	(11)☆☆☆幸运斗篷
374	374	(18)☆威凛斗篷
4986	374	(18)☆☆威凛斗篷
5108	374	(18)☆☆☆威凛斗篷
376	376	(27)☆幻胧披风
4987	376	(27)☆☆幻胧披风
5109	376	(27)☆☆☆幻胧披风
377	377	(37)☆闪烁披风
4988	377	(37)☆☆闪烁披风
5110	377	(37)☆☆☆闪烁披风
378	378	(47)☆匿影披风
4989	378	(47)☆☆匿影披风
5111	378	(47)☆☆☆匿影披风
1868	1868	(57)☆韬光披风
4990	1868	(57)☆☆韬光披风
5112	1868	(57)☆☆☆韬光披风
1869	1869	(67)☆无忌披风
4991	1869	(67)☆☆无忌披风
5113	1869	(67)☆☆☆无忌披风
5284	5284	(77)☆绰约披风
6016	5284	(77)☆☆绰约披风
6023	5284	(77)☆☆☆绰约披风
5285	5285	(87)☆多彩披风
6017	5285	(87)☆☆多彩披风
6024	5285	(87)☆☆☆多彩披风
5286	5286	(97)☆密隐披风
6018	5286	(97)☆☆密隐披风
6025	5286	(97)☆☆☆密隐披风
6012	6012	(107)☆清扬披风
6019	6012	(107)☆☆清扬披风
6026	6012	(107)☆☆☆清扬披风
6013	6013	(117)☆耀光披风
6020	6013	(117)☆☆耀光披风
6027	6013	(117)☆☆☆耀光披风
6014	6014	(127)☆缥缈披风
6021	6014	(127)☆☆缥缈披风
6028	6014	(127)☆☆☆缥缈披风
6015	6015	(137)☆万劫披风
6022	6015	(137)☆☆万劫披风
6029	6015	(137)☆☆☆万劫披风
8316	100002	(22)★火岩重甲
8317	100002	(31)★鬼卫重甲
8318	100002	(52)★龙火重甲
8319	100002	(79)★海盗王胸甲
9344	100002	(97)★天狱之王胸甲
9345	100002	(105)★魔君重甲
8320	100002	(21)★黑巢轻铠
8321	100002	(42)★蛮灵力士胸甲
8322	100002	(78)★悲者胸甲
8323	100002	(87)★千灵轻铠
9346	100002	(97)★邪灵花神胸甲
9347	100002	(105)★破空轻铠
8324	100002	(22)★火岩秘法袍
8325	100002	(77)★狼巫王法袍
8326	100002	(88)★天魔法袍
9348	100002	(96)★屠冥法袍
9349	100002	(105)★仙子法袍
8327	100002	(21)★蛇蝎护腿
8328	100002	(61)★圣兽护腿
8329	100002	(77)★船长护腿
8330	100002	(88)★梵天护腿
9350	100002	(96)★树魂护腿
9351	100002	(105)★天将护腿
8331	100002	(21)★狂狼下铠
8332	100002	(32)★行尸下铠
8333	100002	(60)★修罗下铠
8334	100002	(69)★黑暗地府下铠
9352	100002	(97)★魔刑下铠
9353	100002	(105)★无宗下铠
8335	100002	(21)★怒焰法裤
8336	100002	(31)★青衣子法裤
8533	100002	(52)★龙鳞法裤
8338	100002	(70)★黑暗地府法裤
9354	100002	(96)★邪魔法裤
9355	100002	(105)★紫烟法裤
8339	100002	(69)★食灵重靴
9356	100002	(88)★天沦重靴
9357	100002	(95)★癸虚重靴
8340	100002	(20)★群力之靴
8341	100002	(51)★虎力靴
9358	100002	(95)★避世轻靴
9359	100002	(105)★食岳轻靴
8342	100002	(20)★玄锥之履
8343	100002	(41)★幽泉法履
8344	100002	(59)★烈焰裹鞋
9360	100002	(95)★绝命法履
9361	100002	(105)★镇魄法履
8353	100002	(20)★裂天重腕
8354	100002	(41)★火冥重腕
9362	100002	(95)★遁世重腕
9363	100002	(105)★焚日重腕
8355	100002	(78)★血牙护腕
9364	100002	(95)★弃世腕甲
9365	100002	(105)★镇魂轻腕
8356	100002	(77)★船长护腕
9366	100002	(96)★魔剑护腕
9367	100002	(105)★长孙计法腕
8345	100002	(30)★灯鬼之壳
8346	100002	(51)★狮心头盔
8347	100002	(68)★水邪之壳
8348	100002	(76)★海盗头盔
8349	100002	(87)★猿王重盔
9368	100002	(95)★无涯之盔
9369	100002	(105)★无玄重盔
8350	100002	(41)★尸魔头巾
8351	100002	(59)★水精头饰
8352	100002	(77)★魔骨轻帽
9370	100002	(96)★法王头饰
9371	100002	(105)★倾月法冠
9372	100002	(69)★牛王之皮
9373	100002	(96)★山指重皮
10151	100002	(95)★清虚盔
10153	100002	(95)★清虚裤
10154	100002	(95)★清虚甲
10155	100002	(95)★玄冥甲
10152	100002	(95)★玄冥冠
10156	100002	(95)★玄冥靴
10157	100002	(105)★威灵护腕
10158	100002	(105)★威灵袍
10162	100002	(105)★威灵下铠
10161	100002	(105)★叱魂护腿
10159	100002	(105)★叱魂靴
10160	100002	(105)★叱魂腕
12088	100002	(20)★大力神之冠
12161	100002	(45)★野马之鬃
259	259	(2)☆兽骨项链
5130	259	(2)☆☆兽骨项链
5210	259	(2)☆☆☆兽骨项链
261	261	(7)☆牛角项链
5131	261	(7)☆☆牛角项链
5211	261	(7)☆☆☆牛角项链
262	262	(14)☆狼牙项链
5132	262	(14)☆☆狼牙项链
5212	262	(14)☆☆☆狼牙项链
263	263	(22)☆虎骨项链
5133	263	(22)☆☆虎骨项链
5213	263	(22)☆☆☆虎骨项链
265	265	(32)☆犀角项链
5134	265	(32)☆☆犀角项链
5214	265	(32)☆☆☆犀角项链
266	266	(42)☆龙鳞项链
5135	266	(42)☆☆龙鳞项链
5215	266	(42)☆☆☆龙鳞项链
1890	1890	(52)☆火眼项链
5136	1890	(52)☆☆火眼项链
5216	1890	(52)☆☆☆火眼项链
1891	1891	(62)☆血影项链
5137	1891	(62)☆☆血影项链
5217	1891	(62)☆☆☆血影项链
6217	6217	(72)☆空灵项链
6224	6217	(72)☆☆空灵项链
6231	6217	(72)☆☆☆空灵项链
6218	6218	(82)☆坚白项链
6225	6218	(82)☆☆坚白项链
6232	6218	(82)☆☆☆坚白项链
6219	6219	(92)☆化石项链
6226	6219	(92)☆☆化石项链
6233	6219	(92)☆☆☆化石项链
6220	6220	(102)☆往复项链
6227	6220	(102)☆☆往复项链
6234	6220	(102)☆☆☆往复项链
6221	6221	(112)☆盈泰项链
6228	6221	(112)☆☆盈泰项链
6235	6221	(112)☆☆☆盈泰项链
6222	6222	(122)☆折冲项链
6229	6222	(122)☆☆折冲项链
6236	6222	(122)☆☆☆折冲项链
6223	6223	(132)☆不破项链
6230	6223	(132)☆☆不破项链
6237	6223	(132)☆☆☆不破项链
174	174	(2)☆白霖项链
5114	174	(2)☆☆白霖项链
5194	174	(2)☆☆☆白霖项链
251	251	(7)☆翠微项链
5115	251	(7)☆☆翠微项链
5195	251	(7)☆☆☆翠微项链
253	253	(14)☆碧丝项链
5116	253	(14)☆☆碧丝项链
5196	253	(14)☆☆☆碧丝项链
254	254	(22)☆睛光项链
5117	254	(22)☆☆睛光项链
5197	254	(22)☆☆☆睛光项链
256	256	(32)☆青云项链
5118	256	(32)☆☆青云项链
5198	256	(32)☆☆☆青云项链
258	258	(42)☆迷花项链
5119	258	(42)☆☆迷花项链
5199	258	(42)☆☆☆迷花项链
1892	1892	(52)☆绿绮项链
5120	1892	(52)☆☆绿绮项链
5200	1892	(52)☆☆☆绿绮项链
1893	1893	(62)☆清辉项链
5121	1893	(62)☆☆清辉项链
5201	1893	(62)☆☆☆清辉项链
6238	6238	(72)☆忘机项链
6245	6238	(72)☆☆忘机项链
6252	6238	(72)☆☆☆忘机项链
6239	6239	(82)☆佛骨项链
6246	6239	(82)☆☆佛骨项链
6253	6239	(82)☆☆☆佛骨项链
6240	6240	(92)☆神光项链
6247	6240	(92)☆☆神光项链
6254	6240	(92)☆☆☆神光项链
6241	6241	(102)☆神护项链
6248	6241	(102)☆☆神护项链
6255	6241	(102)☆☆☆神护项链
6242	6242	(112)☆神佑项链
6249	6242	(112)☆☆神佑项链
6256	6242	(112)☆☆☆神佑项链
6243	6243	(122)☆神秀项链
6250	6243	(122)☆☆神秀项链
6257	6243	(122)☆☆☆神秀项链
6244	6244	(132)☆神谏项链
6251	6244	(132)☆☆神谏项链
6258	6244	(132)☆☆☆神谏项链
267	267	(2)☆影遁项链
5122	267	(2)☆☆影遁项链
5202	267	(2)☆☆☆影遁项链
268	268	(7)☆空幽项链
5123	268	(7)☆☆空幽项链
5203	268	(7)☆☆☆空幽项链
270	270	(14)☆迷踪项链
5124	270	(14)☆☆迷踪项链
5204	270	(14)☆☆☆迷踪项链
271	271	(22)☆物华项链
5125	271	(22)☆☆物华项链
5205	271	(22)☆☆☆物华项链
272	272	(32)☆曲直项链
5126	272	(32)☆☆曲直项链
5206	272	(32)☆☆☆曲直项链
274	274	(42)☆云梦项链
5127	274	(42)☆☆云梦项链
5207	274	(42)☆☆☆云梦项链
1894	1894	(52)☆洞犀项链
5128	1894	(52)☆☆洞犀项链
5208	1894	(52)☆☆☆洞犀项链
1895	1895	(62)☆夜光项链
5129	1895	(62)☆☆夜光项链
5209	1895	(62)☆☆☆夜光项链
6259	6259	(72)☆耀辉项链
6266	6259	(72)☆☆耀辉项链
6273	6259	(72)☆☆☆耀辉项链
6260	6260	(82)☆乌啼项链
6267	6260	(82)☆☆乌啼项链
6274	6260	(82)☆☆☆乌啼项链
6261	6261	(92)☆绿腰项链
6268	6261	(92)☆☆绿腰项链
6275	6261	(92)☆☆☆绿腰项链
6262	6262	(102)☆无常项链
6269	6262	(102)☆☆无常项链
6276	6262	(102)☆☆☆无常项链
6263	6263	(112)☆碧空项链
6270	6263	(112)☆☆碧空项链
6277	6263	(112)☆☆☆碧空项链
6264	6264	(122)☆涵虚项链
6271	6264	(122)☆☆涵虚项链
6278	6264	(122)☆☆☆涵虚项链
6265	6265	(132)☆玉壶项链
6272	6265	(132)☆☆玉壶项链
6279	6265	(132)☆☆☆玉壶项链
412	412	(3)☆白玉佩
5154	412	(3)☆☆白玉佩
5234	412	(3)☆☆☆白玉佩
413	413	(10)☆绿玉佩
5155	413	(10)☆☆绿玉佩
5235	413	(10)☆☆☆绿玉佩
414	414	(17)☆兰田佩
5156	414	(17)☆☆兰田佩
5236	414	(17)☆☆☆兰田佩
415	415	(25)☆独山佩
5157	415	(25)☆☆独山佩
5237	415	(25)☆☆☆独山佩
416	416	(35)☆和田佩
5158	416	(35)☆☆和田佩
5238	416	(35)☆☆☆和田佩
417	417	(45)☆青金佩
5159	417	(45)☆☆青金佩
5239	417	(45)☆☆☆青金佩
1900	1900	(55)☆君子佩
5160	1900	(55)☆☆君子佩
5337	1900	(55)☆☆☆君子佩
1901	1901	(65)☆八宝佩
5161	1901	(65)☆☆八宝佩
5336	1901	(65)☆☆☆八宝佩
6322	6322	(75)☆慎独佩
6329	6322	(75)☆☆慎独佩
6336	6322	(75)☆☆☆慎独佩
6323	6323	(85)☆明德佩
6330	6323	(85)☆☆明德佩
6337	6323	(85)☆☆☆明德佩
6324	6324	(95)☆三清佩
6331	6324	(95)☆☆三清佩
6338	6324	(95)☆☆☆三清佩
6325	6325	(105)☆海天佩
6332	6325	(105)☆☆海天佩
6339	6325	(105)☆☆☆海天佩
6326	6326	(115)☆灵龟佩
6333	6326	(115)☆☆灵龟佩
6340	6326	(115)☆☆☆灵龟佩
6327	6327	(125)☆无伤佩
6334	6327	(125)☆☆无伤佩
6341	6327	(125)☆☆☆无伤佩
6328	6328	(135)☆祖龙佩
6335	6328	(135)☆☆祖龙佩
6342	6328	(135)☆☆☆祖龙佩
418	418	(3)☆吉祥腰饰
5138	418	(3)☆☆吉祥腰饰
5218	418	(3)☆☆☆吉祥腰饰
419	419	(10)☆如意腰饰
5139	419	(10)☆☆如意腰饰
5219	419	(10)☆☆☆如意腰饰
420	420	(17)☆百辟腰饰
5140	420	(17)☆☆百辟腰饰
5220	420	(17)☆☆☆百辟腰饰
421	421	(25)☆云瑶腰饰
5141	421	(25)☆☆云瑶腰饰
5221	421	(25)☆☆☆云瑶腰饰
422	422	(35)☆镇海腰饰
5142	422	(35)☆☆镇海腰饰
5222	422	(35)☆☆☆镇海腰饰
423	423	(45)☆紫霞腰饰
5143	423	(45)☆☆紫霞腰饰
5223	423	(45)☆☆☆紫霞腰饰
1896	1896	(55)☆七曜腰饰
5144	1896	(55)☆☆七曜腰饰
5224	1896	(55)☆☆☆七曜腰饰
1897	1897	(65)☆露华腰饰
5145	1897	(65)☆☆露华腰饰
5225	1897	(65)☆☆☆露华腰饰
6280	6280	(75)☆悠游腰饰
6287	6280	(75)☆☆悠游腰饰
6294	6280	(75)☆☆☆悠游腰饰
6281	6281	(85)☆鸣鸾腰饰
6288	6281	(85)☆☆鸣鸾腰饰
6295	6281	(85)☆☆☆鸣鸾腰饰
6282	6282	(95)☆游龙腰饰
6289	6282	(95)☆☆游龙腰饰
6296	6282	(95)☆☆☆游龙腰饰
6283	6283	(105)☆英华腰饰
6290	6283	(105)☆☆英华腰饰
6297	6283	(105)☆☆☆英华腰饰
6284	6284	(115)☆琅琊腰饰
6291	6284	(115)☆☆琅琊腰饰
6298	6284	(115)☆☆☆琅琊腰饰
6285	6285	(125)☆舜日腰饰
6292	6285	(125)☆☆舜日腰饰
6299	6285	(125)☆☆☆舜日腰饰
6286	6286	(135)☆麟嘉腰饰
6293	6286	(135)☆☆麟嘉腰饰
6300	6286	(135)☆☆☆麟嘉腰饰
284	284	(3)☆燕石坠子
5146	284	(3)☆☆燕石坠子
5226	284	(3)☆☆☆燕石坠子
286	286	(10)☆绿松坠子
5147	286	(10)☆☆绿松坠子
5227	286	(10)☆☆☆绿松坠子
287	287	(17)☆雨花坠子
5148	287	(17)☆☆雨花坠子
5228	287	(17)☆☆☆雨花坠子
288	288	(25)☆血石坠子
5149	288	(25)☆☆血石坠子
5229	288	(25)☆☆☆血石坠子
289	289	(35)☆留白坠子
5150	289	(35)☆☆留白坠子
5230	289	(35)☆☆☆留白坠子
290	290	(45)☆观澜坠子
5151	290	(45)☆☆观澜坠子
5231	290	(45)☆☆☆观澜坠子
1898	1898	(55)☆雪浪坠子
5152	1898	(55)☆☆雪浪坠子
5232	1898	(55)☆☆☆雪浪坠子
1899	1899	(65)☆龙眼坠子
5153	1899	(65)☆☆龙眼坠子
5233	1899	(65)☆☆☆龙眼坠子
6315	6315	(75)☆双鱼坠子
6301	6315	(75)☆☆双鱼坠子
6308	6315	(75)☆☆☆双鱼坠子
6316	6316	(85)☆邀月坠子
6302	6316	(85)☆☆邀月坠子
6309	6316	(85)☆☆☆邀月坠子
6317	6317	(95)☆醉仙坠子
6303	6317	(95)☆☆醉仙坠子
6310	6317	(95)☆☆☆醉仙坠子
6318	6318	(105)☆合欢坠子
6304	6318	(105)☆☆合欢坠子
6311	6318	(105)☆☆☆合欢坠子
6319	6319	(115)☆无量坠子
6305	6319	(115)☆☆无量坠子
6312	6319	(115)☆☆☆无量坠子
6320	6320	(125)☆忘忧坠子
6306	6320	(125)☆☆忘忧坠子
6313	6320	(125)☆☆☆忘忧坠子
6321	6321	(135)☆紫微坠子
6307	6321	(135)☆☆紫微坠子
6314	6321	(135)☆☆☆紫微坠子
301	301	(4)☆牛角戒
5162	301	(4)☆☆牛角戒
5178	301	(4)☆☆☆牛角戒
302	302	(11)☆猫眼戒
5163	302	(11)☆☆猫眼戒
5179	302	(11)☆☆☆猫眼戒
303	303	(19)☆犀角戒
5164	303	(19)☆☆犀角戒
5180	303	(19)☆☆☆犀角戒
304	304	(28)☆象牙戒
5165	304	(28)☆☆象牙戒
5181	304	(28)☆☆☆象牙戒
305	305	(38)☆掠虹戒
5166	305	(38)☆☆掠虹戒
5182	305	(38)☆☆☆掠虹戒
306	306	(48)☆疾电戒
5167	306	(48)☆☆疾电戒
5183	306	(48)☆☆☆疾电戒
1886	1886	(58)☆噬魂戒
5168	1886	(58)☆☆噬魂戒
5184	1886	(58)☆☆☆噬魂戒
1887	1887	(68)☆惊雷戒
5169	1887	(68)☆☆惊雷戒
5185	1887	(68)☆☆☆惊雷戒
6175	6175	(78)☆沉星戒
6182	6175	(78)☆☆沉星戒
6189	6175	(78)☆☆☆沉星戒
6176	6176	(88)☆破军戒
6183	6176	(88)☆☆破军戒
6190	6176	(88)☆☆☆破军戒
6177	6177	(98)☆无双戒
6184	6177	(98)☆☆无双戒
6191	6177	(98)☆☆☆无双戒
6178	6178	(108)☆奋扬戒
6185	6178	(108)☆☆奋扬戒
6192	6178	(108)☆☆☆奋扬戒
6179	6179	(118)☆真言戒
6186	6179	(118)☆☆真言戒
6193	6179	(118)☆☆☆真言戒
6180	6180	(128)☆千佛戒
6187	6180	(128)☆☆千佛戒
6194	6180	(128)☆☆☆千佛戒
6181	6181	(138)☆万圣戒
6188	6181	(138)☆☆万圣戒
6195	6181	(138)☆☆☆万圣戒
307	307	(4)☆珍珠戒
5170	307	(4)☆☆珍珠戒
5186	307	(4)☆☆☆珍珠戒
308	308	(11)☆玛瑙戒
5171	308	(11)☆☆玛瑙戒
5187	308	(11)☆☆☆玛瑙戒
309	309	(19)☆翡翠戒
5172	309	(19)☆☆翡翠戒
5188	309	(19)☆☆☆翡翠戒
310	310	(28)☆钻石戒
5173	310	(28)☆☆钻石戒
5189	310	(28)☆☆☆钻石戒
311	311	(38)☆盈天戒
5174	311	(38)☆☆盈天戒
5190	311	(38)☆☆☆盈天戒
312	312	(48)☆幻天戒
5175	312	(48)☆☆幻天戒
5191	312	(48)☆☆☆幻天戒
1888	1888	(58)☆回天戒
5176	1888	(58)☆☆回天戒
5192	1888	(58)☆☆☆回天戒
1889	1889	(68)☆炽天戒
5177	1889	(68)☆☆炽天戒
5193	1889	(68)☆☆☆炽天戒
6196	6196	(78)☆破天戒
6203	6196	(78)☆☆破天戒
6210	6196	(78)☆☆☆破天戒
6197	6197	(88)☆焚天戒
6204	6197	(88)☆☆焚天戒
6211	6197	(88)☆☆☆焚天戒
6198	6198	(98)☆齐天戒
6205	6198	(98)☆☆齐天戒
6212	6198	(98)☆☆☆齐天戒
6199	6199	(108)☆玄天戒
6206	6199	(108)☆☆玄天戒
6213	6199	(108)☆☆☆玄天戒
6200	6200	(118)☆魔天戒
6207	6200	(118)☆☆魔天戒
6214	6200	(118)☆☆☆魔天戒
6201	6201	(128)☆绝天戒
6208	6201	(128)☆☆绝天戒
6215	6201	(128)☆☆☆绝天戒
6202	6202	(138)☆逆天戒
6209	6202	(138)☆☆逆天戒
6216	6202	(138)☆☆☆逆天戒
8357	100003	(21)★群力的护符
8358	100003	(50)★万军项链
8359	100003	(69)★马面神符
8360	100003	(86)★狐仙护符
9320	100003	(95)★霹雳雷魂
9321	100003	(105)★魔君之力
8361	100003	(19)★玄锥的护符
8362	100003	(41)★巫王宝珠
8363	100003	(77)★黑手护符
8364	100003	(86)★龙影护符
9322	100003	(96)★剑客护符
9323	100003	(105)★狂客之符
8365	100003	(21)★裂天的护符
8366	100003	(30)★青衣子项链
8367	100003	(59)★花神之息
8368	100003	(87)★天魔宝珠
9324	100003	(95)★妖魅之符
9325	100003	(105)★仙子之力
8369	100003	(19)★长角兽玉饰
8370	100003	(31)★白骨坠子
8371	100003	(77)★海盗王之证
8372	100003	(86)★魔屠腰佩
9326	100003	(96)★魔甲印记
9327	100003	(105)★火使玉佩
8373	100003	(20)★金环蛇玉饰
8374	100003	(48)★秘境之风
8375	100003	(59)★雷君印记
8376	100003	(87)★多情彩佩
9328	100003	(95)★独角玉坠
9329	100003	(105)★鬼兽腰佩
8377	100003	(21)★狼蛛王玉饰
8378	100003	(40)★女鬼护身符
8379	100003	(68)★毒蛇印记
8380	100003	(86)★幽魂腰饰
9330	100003	(95)★兽魂之怒
9331	100003	(105)★地藏王印记
8381	100003	(21)★狂狼戒指
8382	100003	(40)★蛮灵力士之戒
8383	100003	(60)★沙王之怒
8384	100003	(77)★林云之戒
8385	100003	(88)★梵天戒
8386	100003	(97)★天狱之王指环
9332	100003	(105)★魔君力量之戒
9333	100003	(115)★天地无常
8387	100003	(19)★怒焰戒指
8388	100003	(21)★蛇蝎戒指
8389	100003	(31)★邪鬼戒指
8390	100003	(51)★妖狮指环
8391	100003	(69)★心魔力量之戒
8392	100003	(87)★暗魂秘法戒
8393	100003	(98)★邪灵花神指环
9334	100003	(105)★仙子秘法之戒
9335	100003	(115)★乾坤无极
10163	100003	(95)★无尘戒
10167	100003	(95)★无尘项链
10171	100003	(95)★无尘腰佩
10168	100003	(95)★血煞项链
10165	100003	(95)★血煞戒
10173	100003	(95)★血煞腰佩
10172	100003	(105)★幽真腰佩
10166	100003	(105)★幽真戒
10169	100003	(105)★幽真项链
10174	100003	(105)★寂灭腰佩
10170	100003	(105)★寂灭项链
10164	100003	(105)★寂灭戒
12265	100003	(60)★龙子之鳞
12266	100003	(60)★丛林之证
12264	100003	(60)★恒寂之印
4276	4276	心手相依男装上衣
12294	12294	球衣男上衣
4397	4397	山盟海誓男装上衣
4392	4392	游侠装
6933	6933	唐装男上衣
6931	6931	比翼双飞男装上衣
4275	4275	心手相依男装裤
12292	12292	球衣男短裤
4398	4398	山盟海誓男装裤
12291	12291	泳装男短裤
6938	6938	唐装男裤
6936	6936	比翼双飞男装裤
4277	4277	心手相依男装鞋
12296	12296	男球鞋
4399	4399	山盟海誓男装鞋
4394	4394	游侠鞋
12290	12290	泳装男鞋
6943	6943	唐装男鞋
6940	6940	比翼双飞男装鞋
4268	4268	心手相依女装上衣
3951	3951	精灵裙
4267	4267	蝴蝶吊带上衣
4395	4395	仕女装
12295	12295	球衣女上衣
4403	4403	郡主褂
6929	6929	公主上衣
4400	4400	山盟海誓女装上衣
4260	4260	普通晚礼服
6934	6934	婚纱
12286	12286	泳装女上衣
8598	8598	飞天上衣
3952	3952	旗袍
6932	6932	长旗袍
8601	8601	百花裙上衣
8604	8604	波希米亚上衣
6930	6930	比翼双飞女装上衣
4257	4257	精灵裙手套
4258	4258	普通晚礼服手套
6945	6945	婚纱手套
12293	12293	球衣女短裤
4401	4401	山盟海誓女装裤
12287	12287	泳装女短裤
8602	8602	百花裙裤
4272	4272	心手相依女装裙
4271	4271	蝴蝶裙
4404	4404	郡主裙
6935	6935	公主裙
12288	12288	泳装女裹裙
8599	8599	飞天裙
8605	8605	波希米亚裙
6937	6937	比翼双飞女装裙
4274	4274	心手相依女装鞋
3955	3955	精灵裙鞋
4273	4273	蝴蝶裙鞋
4396	4396	仕女鞋
12297	12297	女球鞋
4405	4405	郡主鞋
6939	6939	公主鞋
4402	4402	山盟海誓女装鞋
4259	4259	普通晚礼服鞋
6944	6944	婚纱鞋
12289	12289	女式泳装鞋
8600	8600	飞天鞋
4261	4261	绣花鞋
6942	6942	旗袍鞋
8603	8603	百花裙鞋
8606	8606	波希米亚鞋
6941	6941	比翼双飞女装鞋
1208	1208	初级裂刃符
1221	1221	中级裂刃符
1222	1222	高级裂刃符
8039	8039	初级雷刃符
8040	8040	中级雷刃符
12376	12376	高级雷刃符
12377	12377	初级光刃符
12378	12378	中级光刃符
12379	12379	高级光刃符
12380	12380	初级狂刃符
12381	12381	中级狂刃符
12382	12382	高级狂刃符
12383	12383	初级天刃符
12384	12384	中级天刃符
12385	12385	高级天刃符
1230	1230	初级咒灵符
1231	1231	中级咒灵符
1233	1233	高级咒灵符
8037	8037	初级定灵符
8038	8038	中级定灵符
12365	12365	高级定灵符
12367	12367	初级幻灵符
12368	12368	中级幻灵符
12369	12369	高级幻灵符
12370	12370	初级道灵符
12371	12371	中级道灵符
12372	12372	高级道灵符
12373	12373	初级仙灵符
12374	12374	中级仙灵符
12375	12375	高级仙灵符
1281	1281	硬甲符
1286	1286	护甲符
1289	1289	麟甲符
8041	8041	御甲符
8042	8042	玄甲符
12389	12389	初级魔甲符
12390	12390	中级魔甲符
12391	12391	高级魔甲符
1290	1290	护神符
1291	1291	固神符
1293	1293	聚神符
8043	8043	凝神符
8044	8044	定神符
12386	12386	初级召神符
12387	12387	中级召神符
12388	12388	高级召神符
410	410	狼牙箭
8551	410	狼牙箭特品
411	411	雕翎箭
8552	411	雕翎箭特品
1947	1947	凤尾箭
8559	1947	凤尾箭特品
8056	8056	龙须箭
8560	8056	龙须箭特品
8057	8057	玄鳞箭
8561	8057	玄鳞箭特品
1038	1038	骨矢
8553	1038	骨矢特品
1039	1039	铁矢
8554	1039	铁矢特品
1944	1944	三刃矢
8557	1944	三刃矢特品
8058	8058	精钢矢
8562	8058	精钢矢特品
8059	8059	合金矢
8563	8059	合金矢特品
1041	1041	铁砂弹
8555	1041	铁砂弹特品
1042	1042	铅霰弹
8556	1042	铅霰弹特品
1946	1946	爆裂弹
8558	1946	爆裂弹特品
8060	8060	震地弹
8564	8060	震地弹特品
8061	8061	破空弹
8565	8061	破空弹特品
9069	9069	浮云马
9070	9070	汗血马
9071	9071	乌骓马
9072	9072	踏雪熊
9073	9073	追风豹
9074	9074	寒武龙
11586	11586	金毛狮王
12280	12280	地狱狮王
9075	9075	如意麒麟
9076	9076	吉祥麒麟
12324	12324	小熊宝宝宠物蛋
12355	12355	飞天猪宝宝宠物蛋
12354	12354	捣药兔宝宝宠物蛋
12357	12357	青蛙宝宝宠物蛋
12356	12356	通灵犬宝宝宠物蛋
12353	12353	梅花猫宝宝宠物蛋
12349	12349	夫诸宝宝宠物蛋
12348	12348	蝶精宝宝宠物蛋
12352	12352	抱抱兔宝宝宠物蛋
12350	12350	银翼狐宝宝宠物蛋
12347	12347	火精灵宝宝宠物蛋
12351	12351	极乐鸟宝宝宠物蛋
11682	11682	(陆)小青蛙宠物蛋
10995	10995	(陆)梅花猫宠物蛋
10996	10996	(陆)捣药兔宠物蛋
10997	10997	(陆)小嘟嘟熊宠物蛋
11001	11001	(陆)大嘟嘟熊宠物蛋
10999	10999	(陆)通灵犬宠物蛋
11000	11000	(陆)关海法宠物蛋
11005	11005	(陆)抱抱兔宠物蛋
11006	11006	(陆)仙灵兔宠物蛋
10795	10795	(陆)斑斓豹宠物蛋
10991	10991	(陆)九尾火狐宠物蛋
10992	10992	(陆)桃源灵狐宠物蛋
10927	10927	(水)神仙鱼宠物蛋
10928	10928	(水)龙宫神仙鱼宠物蛋
10998	10998	(空)飞天猪宠物蛋
10710	10710	(空)火焰精灵宠物蛋
10912	10912	(空)浪蝶精灵宠物蛋
10993	10993	(空)极乐鸟宠物蛋
10994	10994	(空)白凌雉宠物蛋
10882	10882	青蚨宠物蛋
10883	10883	翠蚨宠物蛋
10884	10884	碧蚨宠物蛋
10885	10885	四星天牛宠物蛋
10889	10889	四星天牛王宠物蛋
10886	10886	五星天牛宠物蛋
10888	10888	五星天牛王宠物蛋
10887	10887	七星天牛宠物蛋
10890	10890	七星天牛王宠物蛋
10891	10891	九星天牛宠物蛋
10796	10796	九星天牛王宠物蛋
10970	10970	幼夫诸宠物蛋
10971	10971	欺霜夫诸宠物蛋
10972	10972	傲雪夫诸宠物蛋
10973	10973	追魂夫诸宠物蛋
10974	10974	圣域夫诸宠物蛋
10976	10976	仙灵雪夫诸宠物蛋
10975	10975	仙灵夫诸宠物蛋
10977	10977	仙灵夫诸王宠物蛋
10946	10946	幼纤嘴奇足宠物蛋
10947	10947	幼针嘴奇足宠物蛋
10948	10948	幼矛嘴奇足宠物蛋
10949	10949	纤嘴奇足宠物蛋
10950	10950	纤嘴奇足王宠物蛋
10951	10951	针嘴奇足宠物蛋
10952	10952	长枪奇足宠物蛋
10953	10953	针嘴奇足王宠物蛋
10954	10954	短矛奇足宠物蛋
10955	10955	枪矛奇足宠物蛋
10958	10958	阔口奇足宠物蛋
10959	10959	宽口奇足宠物蛋
10960	10960	扁口奇足宠物蛋
10961	10961	粗口奇足宠物蛋
10962	10962	变种奇足宠物蛋
10967	10967	雀屏奇足宠物蛋
10968	10968	燕翎奇足宠物蛋
10969	10969	凤尾奇足宠物蛋
10964	10964	利爪奇足宠物蛋
10965	10965	燕尾奇足宠物蛋
10966	10966	灵牙奇足宠物蛋
10956	10956	仙灵奇足宠物蛋
10957	10957	仙灵奇足王宠物蛋
10682	10682	荆棘刺球宠物蛋
10683	10683	软猬刺球宠物蛋
10684	10684	仙人刺球宠物蛋
10685	10685	异形刺球宠物蛋
10686	10686	变种刺球宠物蛋
10687	10687	自卑之刺宠物蛋
10688	10688	恶毒之刺宠物蛋
10689	10689	刻毒之刺宠物蛋
10690	10690	高傲之刺宠物蛋
10691	10691	妒嫉之刺宠物蛋
10695	10695	石锥芒刺宠物蛋
10692	10692	贪婪之刺宠物蛋
10693	10693	欲望之刺宠物蛋
10694	10694	情人之刺宠物蛋
10696	10696	凝血神针宠物蛋
10697	10697	碧血神针宠物蛋
10698	10698	仙灵刺球宠物蛋
10699	10699	仙灵情人刺宠物蛋
10711	10711	幼狂狼宠物蛋
10712	10712	幼凶狼宠物蛋
10713	10713	幼暴狼宠物蛋
10714	10714	野狼宠物蛋
10715	10715	座狼宠物蛋
10716	10716	郊狼宠物蛋
10717	10717	狂狼宠物蛋
10718	10718	凶狼宠物蛋
10719	10719	暴狼宠物蛋
10720	10720	恶狼宠物蛋
10721	10721	狂狼王宠物蛋
10722	10722	恶狼王宠物蛋
10723	10723	森林狼宠物蛋
10725	10725	森林狼王宠物蛋
10731	10731	黑巢狂狼宠物蛋
10724	10724	雪野狼宠物蛋
10726	10726	穴山狼宠物蛋
10727	10727	雪野狼王宠物蛋
10728	10728	穴山凶狼宠物蛋
10733	10733	黑巢野狼宠物蛋
10732	10732	黑巢狼王宠物蛋
10734	10734	黑巢狼精卫宠物蛋
10729	10729	白眼狼宠物蛋
10735	10735	幽灵狼宠物蛋
10736	10736	中山狼宠物蛋
10737	10737	幽灵狼王宠物蛋
10738	10738	中山狼王宠物蛋
10739	10739	蛇谷血狼宠物蛋
10740	10740	天羽狼宠物蛋
10751	10751	食人海狼宠物蛋
10752	10752	食尸海狼宠物蛋
10753	10753	食人海狼王宠物蛋
10746	10746	双头獒宠物蛋
10741	10741	赤尾狼宠物蛋
10743	10743	赤尾狼王宠物蛋
10742	10742	星野狼宠物蛋
10744	10744	星野狼王宠物蛋
10747	10747	大漠邪獒宠物蛋
10748	10748	大荒獒宠物蛋
10749	10749	大漠巨獒宠物蛋
10750	10750	大荒凶獒宠物蛋
10754	10754	土肥狼宠物蛋
10755	10755	近卫狼宠物蛋
10730	10730	白眼狼王宠物蛋
10756	10756	石原狼宠物蛋
10757	10757	鹰司狼宠物蛋
10745	10745	独角天狼宠物蛋
10759	10759	啸月狼宠物蛋
10760	10760	啸月狼王宠物蛋
10761	10761	天照狼宠物蛋
10758	10758	石原狼王宠物蛋
10763	10763	钝爪幼猫宠物蛋
10764	10764	短齿幼猫宠物蛋
10765	10765	尖牙幼猫宠物蛋
10766	10766	利爪山猫宠物蛋
10767	10767	突齿山猫宠物蛋
10768	10768	爆牙山猫宠物蛋
10769	10769	铁尾山猫宠物蛋
10770	10770	巡野凶猫宠物蛋
10771	10771	密林凶猫宠物蛋
10772	10772	巡野山猫宠物蛋
10773	10773	密林山猫宠物蛋
10774	10774	巡野猫王宠物蛋
10775	10775	密林猫王宠物蛋
10777	10777	踏雪山猫宠物蛋
10778	10778	踏雪猫王宠物蛋
10779	10779	狩猎山猫宠物蛋
10780	10780	狩猎猫王宠物蛋
10785	10785	拾贝凶猫宠物蛋
10786	10786	拾贝猫王宠物蛋
10781	10781	猞猁凶猫宠物蛋
10782	10782	猞猁猫王宠物蛋
10783	10783	魔域山猫宠物蛋
10784	10784	魔域猫王宠物蛋
10787	10787	铁甲山猫宠物蛋
10788	10788	钢甲山猫宠物蛋
10789	10789	铁甲猫王宠物蛋
10790	10790	钢甲猫王宠物蛋
10791	10791	金甲山猫宠物蛋
10792	10792	银甲山猫宠物蛋
10793	10793	银甲猫王宠物蛋
10794	10794	金甲猫王宠物蛋
10776	10776	钢牙山猫宠物蛋
10797	10797	穿山幼貂宠物蛋
10798	10798	闪电幼貂宠物蛋
10799	10799	食蛇幼貂宠物蛋
10800	10800	穿山貂宠物蛋
10801	10801	穿山貂王宠物蛋
10802	10802	闪电貂宠物蛋
10804	10804	闪电貂王宠物蛋
10803	10803	食蛇貂宠物蛋
10805	10805	食蛇貂王宠物蛋
10701	10701	不死火鸟宠物蛋
10702	10702	熔岩火鸟宠物蛋
10703	10703	不死烈鸟宠物蛋
10704	10704	熔岩恐鸟宠物蛋
10705	10705	不死恐鸟宠物蛋
10706	10706	播火者宠物蛋
10707	10707	嗜火者宠物蛋
10708	10708	盗火者宠物蛋
10709	10709	鬼狱精灵宠物蛋
10913	10913	五彩赤练蛇宠物蛋
10914	10914	赤练王蛇宠物蛋
10915	10915	七彩赤练蛇宠物蛋
10916	10916	雪山赤练蛇宠物蛋
10918	10918	五步蛇宠物蛋
10917	10917	七步蛇宠物蛋
10919	10919	银环蛇宠物蛋
10920	10920	金环蛇宠物蛋
10924	10924	石锥七步蛇宠物蛋
10925	10925	石锥银环蛇宠物蛋
10926	10926	石锥金环蛇宠物蛋
10921	10921	太攀蛇宠物蛋
10922	10922	变种太攀蛇宠物蛋
10923	10923	太攀王蛇宠物蛋
11996	11996	长刀鬼将宠物蛋
10978	10978	荒野龙蛭宠物蛋
10979	10979	高原龙蛭宠物蛋
10980	10980	近水龙蛭宠物蛋
10981	10981	巨石龙蛭宠物蛋
10982	10982	厚土龙蛭宠物蛋
10983	10983	仙灵龙蛭宠物蛋
10984	10984	仙灵龙蛭王宠物蛋
10838	10838	火岩兵蚁宠物蛋
10833	10833	巨黑蚁宠物蛋
10834	10834	巨兵蚁宠物蛋
10839	10839	火岩巨兵蚁宠物蛋
10835	10835	切叶工蚁宠物蛋
10836	10836	切叶兵蚁宠物蛋
10837	10837	切叶蚁王宠物蛋
10840	10840	火红蚁奴宠物蛋
10841	10841	火红工蚁宠物蛋
10842	10842	火红兵蚁宠物蛋
10843	10843	火红猛蚁宠物蛋
10844	10844	火红蚁王宠物蛋
10845	10845	变种蚁王宠物蛋
10814	10814	捕鸟蜘蛛宠物蛋
10815	10815	食鸟蜘蛛宠物蛋
10816	10816	捕鸟凶蛛宠物蛋
10817	10817	捕鸟蛛王宠物蛋
10818	10818	幼斑蝎宠物蛋
10819	10819	幼纹蝎宠物蛋
10820	10820	幼花蝎宠物蛋
10821	10821	蛛形蝎宠物蛋
10822	10822	问荆蝎宠物蛋
10828	10828	石锥恐蝎宠物蛋
10823	10823	问荆蝎王宠物蛋
10829	10829	石锥问荆蝎宠物蛋
10830	10830	石锥问荆蝎王宠物蛋
10824	10824	痛心蝎宠物蛋
10825	10825	痛心蝎后宠物蛋
10826	10826	食蚁蝎宠物蛋
10827	10827	痛心蝎王宠物蛋
10831	10831	天残蝎宠物蛋
10832	10832	天残蝎王宠物蛋
11002	11002	巨门蜈蚣宠物蛋
10892	10892	巨门蜈蚣王宠物蛋
10910	10910	火岩蜈蚣宠物蛋
10911	10911	火岩蜈蚣王宠物蛋
10893	10893	武曲蜈蚣宠物蛋
10895	10895	武曲蜈蚣王宠物蛋
10894	10894	多棘蜈蚣宠物蛋
10896	10896	多棘蜈蚣王宠物蛋
10897	10897	破军蜈蚣宠物蛋
10898	10898	双刀千足虫宠物蛋
10899	10899	破军蜈蚣王宠物蛋
10900	10900	双刀千足王宠物蛋
10901	10901	食蛇千足虫宠物蛋
10902	10902	金头千足虫宠物蛋
10903	10903	赤头千足虫宠物蛋
10904	10904	金头千足王宠物蛋
10963	10963	变种奇足王宠物蛋
10905	10905	异形千足虫宠物蛋
10906	10906	变种千足虫宠物蛋
10907	10907	碎尸千足虫宠物蛋
10908	10908	碎尸千足王宠物蛋
10806	10806	硬皮恐兽宠物蛋
10807	10807	长角恐兽宠物蛋
10811	10811	火岩恐兽宠物蛋
10812	10812	火岩长角兽宠物蛋
10808	10808	上古恐兽宠物蛋
10809	10809	远古恐兽宠物蛋
10810	10810	恐兽之王宠物蛋
10813	10813	地愚宠物蛋
12005	12005	轻狂绿萼宠物蛋
12006	12006	痴狂绿萼宠物蛋
12007	12007	山林花神宠物蛋
12008	12008	桃源魅妖宠物蛋
11997	11997	蝶兰妖灵宠物蛋
12000	12000	死沼蝶精宠物蛋
12001	12001	蝶兰精灵宠物蛋
12004	12004	桃源蝶精宠物蛋
12048	12048	荒野齿蛮宠物蛋
12049	12049	高原齿蛮宠物蛋
12050	12050	近水齿蛮宠物蛋
12051	12051	长蛮弓手宠物蛋
12052	12052	长蛮射手宠物蛋
12053	12053	长蛮战士宠物蛋
12054	12054	长蛮神射手宠物蛋
12055	12055	长蛮狂战士宠物蛋
12056	12056	长蛮族长宠物蛋
11970	11970	妖牛脚夫宠物蛋
11971	11971	妖牛渔夫宠物蛋
11975	11975	妖牛樵夫宠物蛋
11976	11976	妖牛奴仆宠物蛋
11978	11978	妖牛伙夫宠物蛋
11979	11979	妖牛喽罗宠物蛋
11980	11980	妖牛随从宠物蛋
11981	11981	妖牛战士宠物蛋
11982	11982	妖牛刀斧手宠物蛋
11983	11983	妖牛勇士宠物蛋
11985	11985	蛮牛喽罗宠物蛋
11986	11986	血狼妖宠物蛋
11987	11987	妖狼巫师宠物蛋
11988	11988	妖狼法师宠物蛋
11989	11989	血狼巫师宠物蛋
11990	11990	血狼法师宠物蛋
11991	11991	断首骑兵首领宠物蛋
11993	11993	死沼断首将宠物蛋
11992	11992	断首骑兵将军宠物蛋
11994	11994	魔煞鬼将宠物蛋
11995	11995	魔煞骑将宠物蛋
10677	10677	横行机关蟹宠物蛋
10678	10678	纯金机关蟹宠物蛋
10679	10679	镀金机关蟹宠物蛋
10680	10680	赤金机关蟹宠物蛋
10681	10681	金精机关蟹宠物蛋
12044	12044	熔岩结晶宠物蛋
12047	12047	火岩结晶宠物蛋
12045	12045	石吼傀儡宠物蛋
12046	12046	石吼勇士宠物蛋
12061	12061	蛮荒勇士宠物蛋
12042	12042	烈焰战士宠物蛋
12043	12043	幻境战士宠物蛋
10700	10700	冰川之子宠物蛋
12040	12040	冰川战士宠物蛋
12041	12041	冰川勇士宠物蛋
12038	12038	冰川玉女宠物蛋
12039	12039	冰川天女宠物蛋
12009	12009	水精女奴宠物蛋
12010	12010	水精侍女宠物蛋
12011	12011	水精公主宠物蛋
12012	12012	水精女巫宠物蛋
12013	12013	水精王后宠物蛋
12014	12014	水精女王宠物蛋
12015	12015	水精女妖宠物蛋
12016	12016	水精女仙宠物蛋
12018	12018	水玉精灵宠物蛋
12017	12017	噬魂水精宠物蛋
12019	12019	龙宫水精宠物蛋
12020	12020	德之水精宠物蛋
12021	12021	勇之水精宠物蛋
12022	12022	清之水精宠物蛋
12023	12023	浊之水精宠物蛋
12024	12024	石锥水精宠物蛋
12025	12025	玄天水精宠物蛋
12026	12026	地灵水精宠物蛋
12027	12027	义之水精宠物蛋
12028	12028	道之水精宠物蛋
12029	12029	法之水精宠物蛋
12030	12030	灭顶水精宠物蛋
12031	12031	五德水精宠物蛋
12032	12032	灭顶海妖宠物蛋
12033	12033	灭顶水精王宠物蛋
12034	12034	灭顶海妖王宠物蛋
12035	12035	载舟海妖宠物蛋
12036	12036	覆舟海妖宠物蛋
12037	12037	百谷之王宠物蛋
12057	12057	轻歌曼舞宠物蛋
12058	12058	余音绕梁宠物蛋
12059	12059	圣音天簌宠物蛋
12060	12060	鲛人织师宠物蛋
10929	10929	浅水旋龟宠物蛋
10930	10930	深潭旋龟宠物蛋
10931	10931	激流旋龟宠物蛋
10932	10932	荒野旋龟宠物蛋
10933	10933	高原旋龟宠物蛋
10934	10934	两栖旋龟宠物蛋
10935	10935	两栖旋龟王宠物蛋
10936	10936	圣湖旋龟宠物蛋
10938	10938	涡流旋龟宠物蛋
10937	10937	涡流旋龟王宠物蛋
10939	10939	变种旋龟宠物蛋
10940	10940	圣湖旋龟王宠物蛋
10941	10941	浅海旋龟宠物蛋
10942	10942	蛇岛旋龟宠物蛋
10943	10943	深海旋龟宠物蛋
10944	10944	万年玄灵龟宠物蛋
10945	10945	天池旋龟宠物蛋
10846	10846	小蜜蜂宠物蛋
10847	10847	小胡蜂宠物蛋
10848	10848	小叶蜂宠物蛋
10867	10867	山林幼蜂宠物蛋
10868	10868	戈壁幼蜂宠物蛋
10869	10869	密林幼蜂宠物蛋
10849	10849	山林工蜂宠物蛋
10850	10850	戈壁工蜂宠物蛋
10851	10851	密林工蜂宠物蛋
10852	10852	山林兵蜂宠物蛋
10853	10853	戈壁兵蜂宠物蛋
10854	10854	密林兵蜂宠物蛋
10870	10870	皇城银翅宠物蛋
10855	10855	杀人工蜂宠物蛋
10856	10856	杀人兵蜂宠物蛋
10857	10857	杀人雄蜂宠物蛋
10871	10871	皇城金翅宠物蛋
10858	10858	杀人黄蜂宠物蛋
10859	10859	杀人马蜂宠物蛋
10860	10860	杀人胡蜂宠物蛋
10861	10861	骄虫之奴宠物蛋
10862	10862	护巢工蜂宠物蛋
10863	10863	骄虫之仆宠物蛋
10864	10864	骄虫之刺宠物蛋
10865	10865	护巢兵蜂宠物蛋
10866	10866	骄虫之怒宠物蛋
10872	10872	毒针金翅宠物蛋
10873	10873	尖锥金翅宠物蛋
10874	10874	蚀血金翅宠物蛋
10875	10875	腐骨金翅宠物蛋
10876	10876	搜魂金翅宠物蛋
10877	10877	追魂金翅宠物蛋
10878	10878	索魂金翅宠物蛋
10879	10879	搜魂金翅王宠物蛋
10880	10880	追魂金翅王宠物蛋
10881	10881	索魂金翅王宠物蛋
10985	10985	挟翼飞狐宠物蛋
10986	10986	挟翼灵狐宠物蛋
10987	10987	翻羽飞狐宠物蛋
10988	10988	翻羽灵狐宠物蛋
10989	10989	绝地飞狐宠物蛋
10990	10990	绝地灵狐宠物蛋
3634	3634	火红之石1级
3635	3635	火红之石2级
3636	3636	火红之石3级
3637	3637	火红之石4级
1996	1996	火红之石5级
6369	6369	火红之石6级
6367	6367	火红之石7级
6368	6368	火红之石8级
6370	6370	火红之石9级
6371	6371	火红之石10级
1998	1998	赤眼之石
2000	2000	龙炎之石
3638	3638	白雾之石1级
3639	3639	白雾之石2级
3640	3640	白雾之石3级
3641	3641	白雾之石4级
2001	2001	白雾之石5级
6374	6374	白雾之石6级
6375	6375	白雾之石7级
6376	6376	白雾之石8级
6377	6377	白雾之石9级
6378	6378	白雾之石10级
2003	2003	海蓝之石
2004	2004	冰凝之石
3650	3650	锐利之石1级
3651	3651	锐利之石2级
3652	3652	锐利之石3级
3653	3653	锐利之石4级
2005	2005	锐利之石5级
6379	6379	锐利之石6级
6380	6380	锐利之石7级
6381	6381	锐利之石8级
6382	6382	锐利之石9级
6383	6383	锐利之石10级
2006	2006	眩光之石
2007	2007	金魄之石
3642	3642	暗青之石1级
3643	3643	暗青之石2级
3644	3644	暗青之石3级
3645	3645	暗青之石4级
2009	2009	暗青之石5级
6389	6389	暗青之石6级
6390	6390	暗青之石7级
6391	6391	暗青之石8级
6392	6392	暗青之石9级
6393	6393	暗青之石10级
2010	2010	翠绿之石
2011	2011	木灵之石
3646	3646	黄沉之石1级
3647	3647	黄沉之石2级
3648	3648	黄沉之石3级
3649	3649	黄沉之石4级
2012	2012	黄沉之石5级
6384	6384	黄沉之石6级
6385	6385	黄沉之石7级
6386	6386	黄沉之石8级
6387	6387	黄沉之石9级
6388	6388	黄沉之石10级
2013	2013	苍茫之石
2014	2014	大地之石
5292	5292	白玉之石1级
5293	5293	白玉之石2级
5294	5294	白玉之石3级
5295	5295	白玉之石4级
5296	5296	白玉之石5级
6394	6394	白玉之石6级
6395	6395	白玉之石7级
6396	6396	白玉之石8级
6397	6397	白玉之石9级
6398	6398	白玉之石10级
5297	5297	白刚之石
5298	5298	雪花之石
5299	5299	青玉之石1级
5300	5300	青玉之石2级
5301	5301	青玉之石3级
5302	5302	青玉之石4级
5303	5303	青玉之石5级
6399	6399	青玉之石6级
6400	6400	青玉之石7级
6401	6401	青玉之石8级
6402	6402	青玉之石9级
6403	6403	青玉之石10级
5304	5304	青和之石
5305	5305	蓝雨之石
5306	5306	黑玉之石1级
5307	5307	黑玉之石2级
5308	5308	黑玉之石3级
5309	5309	黑玉之石4级
5310	5310	黑玉之石5级
6404	6404	黑玉之石6级
6405	6405	黑玉之石7级
6406	6406	黑玉之石8级
6407	6407	黑玉之石9级
6408	6408	黑玉之石10级
5311	5311	黑善之石
5312	5312	乌睿之石
5313	5313	赤玉之石1级
5314	5314	赤玉之石2级
5315	5315	赤玉之石3级
5316	5316	赤玉之石4级
5317	5317	赤玉之石5级
6409	6409	赤玉之石6级
6410	6410	赤玉之石7级
6411	6411	赤玉之石8级
6412	6412	赤玉之石9级
6413	6413	赤玉之石10级
5318	5318	赤恭之石
5319	5319	赤日之石
5320	5320	黄玉之石1级
5321	5321	黄玉之石2级
5322	5322	黄玉之石3级
5323	5323	黄玉之石4级
5324	5324	黄玉之石5级
6414	6414	黄玉之石6级
6415	6415	黄玉之石7级
6416	6416	黄玉之石8级
6417	6417	黄玉之石9级
6418	6418	黄玉之石10级
5325	5325	黄厚之石
5326	5326	金峰之石
12637	100004	女娲之石
12638	100004	轩辕之石
12639	100004	蚩尤之石
12640	100004	后羿之石
12641	100004	神农之石
8617	8617	小瓶金创药
8618	8618	中瓶金创药
8619	8619	大瓶金创药
8620	8620	精致金创药
8621	8621	完美金创药
8612	8612	小瓶活血散
8613	8613	中瓶活血散
8614	8614	大瓶活血散
8615	8615	精致活血散
8616	8616	完美活血散
8607	8607	小瓶归元散
8608	8608	中瓶归元散
8609	8609	大瓶归元散
8610	8610	精致归元散
8611	8611	完美归元散
8647	8647	小瓶神气丸
8648	8648	中瓶神气丸
8649	8649	大瓶神气丸
8650	8650	精致神气丸
8651	8651	完美神气丸
8642	8642	小瓶还灵水
8643	8643	中瓶还灵水
8644	8644	大瓶还灵水
8645	8645	精致还灵水
8646	8646	完美还灵水
8637	8637	小瓶沉香丸
8638	8638	中瓶沉香丸
8639	8639	大瓶沉香丸
8640	8640	精致沉香丸
8641	8641	完美沉香丸
8627	8627	小瓶九阳丹
8628	8628	中瓶九阳丹
8629	8629	大瓶九阳丹
8630	8630	精制九阳丹
8631	8631	完美九阳丹
8622	8622	小瓶九龙散
8623	8623	中瓶九龙散
8624	8624	大瓶九龙散
8625	8625	精制九龙散
8626	8626	完美九龙散
8632	8632	小瓶龙涎香
8633	8633	中瓶龙涎香
8634	8634	大瓶龙涎香
8635	8635	精制龙涎香
8636	8636	完美龙涎香
11294	10005	乘风追月散
11330	10005	太虚散
11351	10005	红磷丹
11354	10005	碧波丹
11357	10005	乌藤木
11334	10005	活血散
11293	10005	渠黄散
11304	10005	碧螺春
11310	10005	玉壶散
11323	10005	赤血丹
11327	10005	仙魔护体露
11329	10005	清瑶丸
11336	10005	聚精散
11350	10005	赤焰丹
11353	10005	青霜丹
11356	10005	鹤顶红
11358	10005	豹胎易筋丸
11359	10005	虎鞭洗髓露
11307	10005	千机丸
11340	10005	紫貘丸
11342	10005	蕴象丸
11344	10005	牵脊丸
11346	10005	獬豸丸
11348	10005	饕餮丸
11289	10005	龟蛇静丸
11292	10005	紫飒露
11296	10005	神行散
11300	10005	风怒香
11309	10005	冰心丸
11315	10005	铁甲散
11317	10005	三清露
11319	10005	月华护身露
11328	10005	凝碧丹
11332	10005	事半功倍丸
11338	10005	生机盎然丸
11349	10005	烈阳焚空丹
11352	10005	万载玄冰丹
11355	10005	碧落黄泉瘴
11313	10005	归心散
11321	10005	龙神散
11303	10005	金镶玉
11306	10005	百转丹
11326	10005	圣兽护体露
11295	10005	天机散
11308	10005	惊寒丹
11314	10005	磐石散
11316	10005	四御露
11324	10005	涤魂丹
11325	10005	天神护体露
11331	10005	百发百中散
11333	10005	化淤丹
11335	10005	会神丹
11302	10005	神仙茶
11305	10005	万化散
11312	10005	轮回盘
11318	10005	星光护身露
11320	10005	石龟丹
11322	10005	赤魂丹
11339	10005	金戈铁马丸
11341	10005	寸草不生丸
11343	10005	中流砥柱丸
11345	10005	浴火重生丸
11347	10005	皇天后土丸
11291	10005	盗骊丹
11297	10005	无极散
11337	10005	枯木逢春丸
11288	10005	铜墙铁壁散
11290	10005	金刚附体丸
11298	10005	捕风捉影散
11299	10005	雷厉风行散
11301	10005	白毫银针
11311	10005	清寂露
773	773	碎赤玉
774	774	赤玉
771	771	碎橙玉
772	772	橙玉
778	778	碎黄玉
779	779	黄玉
775	775	碎翠玉
776	776	翠玉
782	782	碎青玉
783	783	青玉
780	780	碎蓝玉
781	781	蓝玉
784	784	碎紫玉
785	785	紫玉
777	777	黑玉
795	795	原木
796	796	粗木料
797	797	精木料
798	798	高级木料
799	799	木料精华
800	800	生铁
801	801	高炭钢
802	802	百炼钢
803	803	初级合金钢
804	804	高级合金钢
805	805	砂石
806	806	碎石
807	807	磨石粉
808	808	刚玉粉
809	809	金刚砂
810	810	棉线
811	811	丝线
812	812	合成丝
813	813	天蚕丝
814	814	织女丝
815	815	煤粉
816	816	烟煤
817	817	无烟煤
818	818	初级焦炭
819	819	高级焦炭
820	820	动物胶
821	821	浓缩胶
822	822	强力胶
823	823	五色粘合剂
824	824	补天胶
825	825	脂肪
826	826	提炼油
827	827	合成油
828	828	初级淬火剂
829	829	高级淬火剂
830	830	动物皮毛
831	831	粗制皮
832	832	皮革
833	833	初级强化皮革
834	834	高级强化皮革
1848	1848	木蝴蝶
1830	1830	花蜜
1831	1831	芙苓
1832	1832	首乌
1844	1844	千金子
1845	1845	婆罗子
1846	1846	天仙子
1857	1857	醉仙露
1820	1820	接骨木
1823	1823	通经草
1834	1834	雄黄
1837	1837	藿香
1850	1850	绿萼梅
1854	1854	钻杆虫
1821	1821	紫丹参
1824	1824	养心草
1835	1835	牛黄
1838	1838	木香
1851	1851	红萼梅
1855	1855	九香虫
1825	1825	仙鹤草
1839	1839	沉香
1852	1852	白萼梅
1826	1826	蛇含草
1840	1840	郁金香
1827	1827	虎耳草
1841	1841	九里香
1828	1828	盘龙草
1842	1842	醍醐香
6754	6754	真铜锭
6755	6755	玄铁锭
6756	6756	秘银锭
6757	6757	精金锭
6758	6758	元符木
6759	6759	玄灵木
6760	6760	菩提木
6761	6761	金刚木
6762	6762	方孔纱
6763	6763	蝉翼纱
6764	6764	折枝纱
6765	6765	流云纱
8079	8079	幽冥皮毛
8080	8080	绿磷
8081	8081	元素微尘
8083	8083	破毛皮
8084	8084	石灰粉
8088	8088	佛手
8090	8090	幽冥肉块
8091	8091	画皮
8092	8092	元素粉末
8094	8094	软毛皮
8095	8095	触角
8099	8099	犀角
8101	8101	幽冥利爪
8102	8102	完整的皮囊
8103	8103	元素碎片
8105	8105	钝爪
8106	8106	蜜汁
8110	8110	百草露
8112	8112	幽冥之血
8113	8113	诱人的元宝
8114	8114	元素之石
8116	8116	利爪
8117	8117	露丸
8121	8121	绛珠草
8123	8123	幽冥之眼
8124	8124	鬼画符
8125	8125	元素结晶
8127	8127	兽骨
8128	8128	强酸
8132	8132	青娥佩
12753	12753	幽冥面具
8134	8134	阴阳符
8135	8135	元素精华
8137	8137	软筋
8138	8138	毒液
8142	8142	紫琉璃
12754	12754	幽冥鳞片
8144	8144	勾魂牌
8145	8145	元素宝钻
8147	8147	尖牙
8148	8148	猛毒液
8152	8152	蟠桃果
12755	12755	幽冥图腾
8154	8154	孟婆汤
8155	8155	元素之核
8157	8157	獠牙
8158	8158	致命毒液
8162	8162	玉如意
12756	12756	幽冥宝珠
8164	8164	黄泉之水
8165	8165	元素之光
8167	8167	成形的内丹
8168	8168	五毒液
8172	8172	人参果
12757	12757	幽冥之魂
8174	8174	阎王令
8175	8175	元素之灵
8177	8177	凝结的内丹
8178	8178	万毒母液
8182	8182	舍利子
12770	12770	玄真
12771	12771	流星
12772	12772	陨星
12773	12773	上冥
12774	12774	归心
12775	12775	黑洞
12776	12776	飞圣
12777	12777	浮华
12778	12778	恒爆
12781	12781	奔流
12782	12782	神韵
12783	12783	天歌
12784	12784	云翔
12785	12785	无双
12786	12786	掠影
12787	12787	玄影
12788	12788	疾电
12789	12789	修罗
12792	12792	血雾
12793	12793	浪漫
12794	12794	匠心
12795	12795	梁祝
12796	12796	辉煌
12797	12797	梦幻
12798	12798	夺天
12799	12799	轻盈
12800	12800	羽神
5630	5630	一元石
5631	5631	两仪石
5632	5632	三才石
5633	5633	四象石
5634	5634	五行石
5635	5635	六合石
5636	5636	七星石
5637	5637	八卦石
5638	5638	九宫石
5639	5639	完美石
3368	3368	天仙石
3369	3369	地仙石
3370	3370	人仙石
3366	3366	仙石碎片
11208	11208	幻仙石
6346	6346	八戒丸
6347	6347	悟空丸
5571	5571	南瓜头丸
6348	6348	大头娃娃丸
8796	8796	清水
11580	11580	花生油
11581	11581	芝麻油
9757	9757	青草
9760	9760	鲜肉
9758	9758	野果
9761	9761	精肉
9759	9759	灵芝
11550	11550	燕窝
11551	11551	野山参
11552	11552	鹿茸
11553	11553	菩提子
11554	11554	龙肉
7710	100006	卷轴之一
7711	100006	卷轴之二
7712	100006	卷轴之三
7713	100006	卷轴之四
7714	100006	卷轴之五
7715	100006	卷轴之六
7716	100006	卷轴之七
7717	100006	卷轴之八
7718	100006	卷轴之九
7719	100006	卷轴之十
7720	100006	卷轴之十一
7721	100006	卷轴之十二
7722	100006	卷轴之十三
7723	100006	卷轴之十四
8804	100006	卷轴之十五
8805	100006	卷轴之十六
9109	100006	卷轴之十七
9409	100006	卷轴之十八
9410	100006	卷轴之十九
9411	100006	卷轴之二十
9412	100006	卷轴之二十一
7724	100006	真迹之一
7725	100006	真迹之二
7726	100006	真迹之三
7727	100006	真迹之四
7728	100006	真迹之五
7729	100006	真迹之六
7730	100006	真迹之七
7731	100006	真迹之八
7732	100006	真迹之九
7733	100006	真迹之十
7734	100006	真迹之十一
7735	100006	真迹之十二
7736	100006	真迹之十三
7737	100006	真迹之十四
8806	100006	真迹之十五
8807	100006	真迹之十六
9413	100006	真迹之十七
9414	100006	真迹之十八
9415	100006	真迹之十九
9416	100006	真迹之二十
9417	100006	真迹之二十一
7738	100006	神谕之一
7739	100006	神谕之二
7740	100006	神谕之三
7741	100006	神谕之四
7742	100006	神谕之五
7743	100006	神谕之六
7744	100006	神谕之七
7745	100006	神谕之八
7746	100006	神谕之九
7747	100006	神谕之十
7748	100006	神谕之十一
7749	100006	神谕之十二
8808	100006	神谕之十三
8809	100006	神谕之十四
9418	100006	神谕之十五
9419	100006	神谕之十六
9420	100006	神谕之十七
9421	100006	神谕之十八
9422	100006	神谕之十九
10090	100006	魔域符录(水)
10091	100006	魔域符录(土)
10092	100006	魔域符录(火)
10093	100006	魔域符录(金)
10094	100006	魔域符录(月)
10095	100006	魔域符录(日)
10096	100006	魔域符录(木)
10097	100006	天狱符录(木)
10098	100006	天狱符录(月)
10099	100006	天狱符录(火)
10100	100006	天狱符录(金)
10101	100006	天狱符录(土)
10102	100006	天狱符录(水)
10103	100006	天狱符录(日)
10104	100006	逆天符录(木)
10105	100006	逆天符录(水)
10106	100006	逆天符录(月)
10107	100006	逆天符录(土)
10108	100006	逆天符录(金)
10109	100006	逆天符录(火)
10110	100006	逆天符录(日)
10111	100006	飘渺符录(火)
10112	100006	飘渺符录(土)
10113	100006	飘渺符录(月)
10114	100006	飘渺符录(木)
10115	100006	飘渺符录(水)
10116	100006	飘渺符录(金)
10117	100006	飘渺符录(日)
10118	100006	封魔符录
9443	100006	仙笈：真・虎击
9444	100006	魔笈：狂・虎击
9445	100006	仙笈：真・寸力
9446	100006	魔笈：狂・寸力
9447	100006	仙笈：真・流水
9448	100006	魔笈：狂・流水
9449	100006	仙笈：真・凌风
9450	100006	魔笈：狂・凌风
9451	100006	仙笈：真・龙现
9452	100006	魔笈：狂・龙现
9453	100006	仙笈：真・断岩斩
9454	100006	魔笈：狂・断岩斩
9455	100006	仙笈：真・狂龙斩
9456	100006	魔笈：狂・狂龙斩
9457	100006	仙笈：真・横扫千军
9458	100006	魔笈：狂・横扫千军
9459	100006	仙笈：真・劈空掌
9460	100006	魔笈：狂・劈空掌
9461	100006	仙笈：真・无影脚
9462	100006	魔笈：狂・无影脚
9464	100006	仙笈：真・风卷残云
9466	100006	魔笈：狂・风卷残云
9467	100006	仙笈：真・云龙九现
9468	100006	魔笈：狂・云龙九现
9469	100006	仙笈：真・疾风刺
9470	100006	魔笈：狂・疾风刺
9471	100006	仙笈：真・回马枪
9472	100006	魔笈：狂・回马枪
9473	100006	仙笈：真・流星赶月
9474	100006	魔笈：狂・流星赶月
9475	100006	仙笈：真・寒冰刃域
9476	100006	魔笈：狂・寒冰刃域
9477	100006	仙笈：真・龙飞击
9478	100006	魔笈：狂・龙飞击
9479	100006	仙笈：真・断岳扫
9480	100006	魔笈：狂・断岳扫
9481	100006	仙笈：真・裂岩炎震
9482	100006	魔笈：狂・裂岩炎震
9483	100006	仙笈：真・天火狂龙
9484	100006	魔笈：狂・天火狂龙
9485	100006	仙笈：真・忘情式
9486	100006	魔笈：狂・忘情式
9487	100006	仙笈：真・追魂诀
9488	100006	魔笈：狂・追魂诀
9489	100006	仙笈：真・剑气纵横
9490	100006	魔笈：狂・剑气纵横
9491	100006	仙笈：真・万剑诀
9492	100006	魔笈：狂・万剑诀
9493	100006	仙笈：真・金钟罩
9494	100006	魔笈：狂・金钟罩
9495	100006	仙笈：真・狮子吼
9496	100006	魔笈：狂・狮子吼
9497	100006	仙笈：真・易筋经
9498	100006	魔笈：狂・易筋经
9499	100006	仙笈：真・易髓经
9500	100006	魔笈：狂・易髓经
9501	100006	仙笈：真・金刚经
9502	100006	魔笈：狂・金刚经
9503	100006	仙笈：真・刀剑精通
9504	100006	魔笈：狂・刀剑精通
9505	100006	仙笈：真・长兵精通
9506	100006	魔笈：狂・长兵精通
9507	100006	仙笈：真・斧锤精通
9508	100006	魔笈：狂・斧锤精通
9509	100006	仙笈：真・拳术精通
9510	100006	魔笈：狂・拳术精通
9511	100006	仙笈：真・烈火符
9512	100006	魔笈：狂・烈火符
9513	100006	仙笈：真・烈焰护甲
9514	100006	魔笈：狂・烈焰护甲
9515	100006	仙笈：真・火煞天灯
9516	100006	魔笈：狂・火煞天灯
9517	100006	仙笈：真・神火符
9518	100006	魔笈：狂・神火符
9519	100006	仙笈：真・炙炎阵
9520	100006	魔笈：狂・炙炎阵
9521	100006	仙笈：真・烈火炽翼
9522	100006	魔笈：狂・烈火炽翼
9523	100006	仙笈：真・血祭炎爆
9524	100006	魔笈：狂・血祭炎爆
9525	100006	仙笈：真・火海刀山
9526	100006	魔笈：狂・火海刀山
9527	100006	仙笈：真・涌泉
9528	100006	魔笈：狂・涌泉
9529	100006	仙笈：真・寒冰护甲
9530	100006	魔笈：狂・寒冰护甲
9531	100006	仙笈：真・冰雹
9532	100006	魔笈：狂・冰雹
9533	100006	仙笈：真・寒露
9534	100006	魔笈：狂・寒露
9535	100006	仙笈：真・润泽
9536	100006	魔笈：狂・润泽
9537	100006	仙笈：真・霜刃
9538	100006	魔笈：狂・霜刃
9539	100006	仙笈：真・凌杀
9540	100006	魔笈：狂・凌杀
9541	100006	仙笈：真・玄冰水龙
9542	100006	魔笈：狂・玄冰水龙
9543	100006	仙笈：真・落石术
9544	100006	魔笈：狂・落石术
9545	100006	仙笈：真・磐石护甲
9546	100006	魔笈：狂・磐石护甲
9547	100006	仙笈：真・沙陷
9548	100006	魔笈：狂・沙陷
9549	100006	仙笈：真・缩地术
9550	100006	魔笈：狂・缩地术
9551	100006	仙笈：真・飞沙术
9552	100006	魔笈：狂・飞沙术
9553	100006	仙笈：真・石破天惊
9554	100006	魔笈：狂・石破天惊
9555	100006	仙笈：真・泰山压顶
9556	100006	魔笈：狂・泰山压顶
9557	100006	仙笈：真・火精通
9558	100006	魔笈：狂・火精通
9559	100006	仙笈：真・水精通
9560	100006	魔笈：狂・水精通
9561	100006	仙笈：真・土精通
9562	100006	魔笈：狂・土精通
9563	100006	仙笈：真・兽王锤
9564	100006	魔笈：狂・兽王锤
9565	100006	仙笈：真・绞杀
9566	100006	魔笈：狂・绞杀
9567	100006	仙笈：真・巨浪
9568	100006	魔笈：狂・巨浪
9569	100006	仙笈：真・千斤锤
9570	100006	魔笈：狂・千斤锤
9571	100006	仙笈：真・破甲一击
9572	100006	魔笈：狂・破甲一击
9573	100006	仙笈：真・风火轮
9574	100006	魔笈：狂・风火轮
9575	100006	仙笈：真・地裂
9576	100006	魔笈：狂・地裂
9577	100006	仙笈：真・兽王无敌
9578	100006	魔笈：狂・兽王无敌
9579	100006	仙笈：真・毁天灭地
9580	100006	魔笈：狂・毁天灭地
9581	100006	仙笈：真・野性回复
9582	100006	魔笈：狂・野性回复
9583	100006	仙笈：真・兽王鼓舞
9584	100006	魔笈：狂・兽王鼓舞
9585	100006	仙笈：真・化血成魔
9586	100006	魔笈：狂・化血成魔
9587	100006	仙笈：真・巨灵神力
9588	100006	魔笈：狂・巨灵神力
9589	100006	仙笈：真・白虎变
9590	100006	魔笈：狂・白虎变
9591	100006	仙笈：真・撕咬
9592	100006	魔笈：狂・撕咬
9593	100006	仙笈：真・怒扑
9594	100006	魔笈：狂・怒扑
9595	100006	仙笈：真・吞噬
9596	100006	魔笈：狂・吞噬
9597	100006	仙笈：真・排山倒海
9598	100006	魔笈：狂・排山倒海
9599	100006	仙笈：真・天崩地裂
9600	100006	魔笈：狂・天崩地裂
9601	100006	仙笈：真・兽王之怒
9602	100006	魔笈：狂・兽王之怒
9603	100006	仙笈：真・毒牙
9604	100006	魔笈：狂・毒牙
9605	100006	仙笈：真・咆哮
9606	100006	魔笈：狂・咆哮
9607	100006	仙笈：真・震慑
9608	100006	魔笈：狂・震慑
9609	100006	仙笈：真・变身强化
9610	100006	魔笈：狂・变身强化
10059	100006	仙笈：真・斧锤精通1
10060	100006	魔笈：狂・斧锤精通1
9613	100006	仙笈：真・清心咒
9614	100006	魔笈：狂・清心咒
9615	100006	仙笈：真・静心咒
9616	100006	魔笈：狂・静心咒
9617	100006	仙笈：真・醍醐灌顶
9618	100006	魔笈：狂・醍醐灌顶
9619	100006	仙笈：真・还魂咒
9620	100006	魔笈：狂・还魂咒
9621	100006	仙笈：真・玄净咒
9622	100006	魔笈：狂・玄净咒
9623	100006	仙笈：真・五气朝元
9624	100006	魔笈：狂・五气朝元
9625	100006	仙笈：真・海纳百川
9626	100006	魔笈：狂・海纳百川
9627	100006	仙笈：真・五行符
9628	100006	魔笈：狂・五行符
9629	100006	仙笈：真・五体符
9630	100006	魔笈：狂・五体符
9631	100006	仙笈：真・五音符
9632	100006	魔笈：狂・五音符
9633	100006	仙笈：真・五色符
9634	100006	魔笈：狂・五色符
9635	100006	仙笈：真・坚甲符
9636	100006	魔笈：狂・坚甲符
9637	100006	仙笈：真・聚神符
9638	100006	魔笈：狂・聚神符
9639	100006	仙笈：真・仙守符
9640	100006	魔笈：狂・仙守符
9641	100006	仙笈：真・灵助符
9642	100006	魔笈：狂・灵助符
9643	100006	仙笈：真・羽箭
9644	100006	魔笈：狂・羽箭
9645	100006	仙笈：真・羽盾
9646	100006	魔笈：狂・羽盾
9647	100006	仙笈：真・羽刃
9648	100006	魔笈：狂・羽刃
9649	100006	仙笈：真・龙卷风
9650	100006	魔笈：狂・龙卷风
9651	100006	仙笈：真・神雷
9652	100006	魔笈：狂・神雷
9653	100006	仙笈：真・和风拂面
9654	100006	魔笈：狂・和风拂面
9655	100006	仙笈：真・雷链
9656	100006	魔笈：狂・雷链
9657	100006	仙笈：真・狂雷天威
9658	100006	魔笈：狂・狂雷天威
9659	100006	仙笈：真・金精通
9660	100006	魔笈：狂・金精通
9661	100006	仙笈：真・引而不发
9662	100006	魔笈：狂・引而不发
9663	100006	仙笈：真・连射
9664	100006	魔笈：狂・连射
9665	100006	仙笈：真・击退矢
9666	100006	魔笈：狂・击退矢
9667	100006	仙笈：真・困缚矢
9668	100006	魔笈：狂・困缚矢
9669	100006	仙笈：真・击晕矢
9670	100006	魔笈：狂・击晕矢
9671	100006	仙笈：真・致命矢
9672	100006	魔笈：狂・致命矢
9673	100006	仙笈：真・箭阵
9674	100006	魔笈：狂・箭阵
9675	100006	仙笈：真・落雷
9676	100006	魔笈：狂・落雷
9677	100006	仙笈：真・惊雷
9678	100006	魔笈：狂・惊雷
9679	100006	仙笈：真・炸雷
9680	100006	魔笈：狂・炸雷
9681	100006	仙笈：真・狂雷天鹰
9682	100006	魔笈：狂・狂雷天鹰
9683	100006	仙笈：真・烈焰之矢
9684	100006	魔笈：狂・烈焰之矢
9685	100006	仙笈：真・寒冰之矢
9686	100006	魔笈：狂・寒冰之矢
9689	100006	仙笈：真・蛇蝎之矢
9690	100006	魔笈：狂・蛇蝎之矢
9691	100006	仙笈：真・尖牙之矢
9692	100006	魔笈：狂・尖牙之矢
9693	100006	仙笈：真・利齿之矢
9694	100006	魔笈：狂・利齿之矢
9695	100006	仙笈：真・翼盾
9696	100006	魔笈：狂・翼盾
9697	100006	仙笈：真・翼击
9698	100006	魔笈：狂・翼击
9699	100006	仙笈：真・翼展
9700	100006	魔笈：狂・翼展
9701	100006	仙笈：真・羽之守护
9702	100006	魔笈：狂・羽之守护
9703	100006	仙笈：真・百步穿杨
9704	100006	魔笈：狂・百步穿杨
9705	100006	仙笈：真・弓弩精通
9706	100006	魔笈：狂・弓弩精通
9707	100006	仙笈：真・剧毒蛊
9710	100006	魔笈：狂・剧毒蛊
9711	100006	仙笈：真・铁岩蛊
9712	100006	魔笈：狂・铁岩蛊
9713	100006	仙笈：真・炎蛊
9714	100006	魔笈：狂・炎蛊
9715	100006	仙笈：真・凌霜蛊
9716	100006	魔笈：狂・凌霜蛊
9717	100006	仙笈：真・千蚁蛊
9718	100006	魔笈：狂・千蚁蛊
9719	100006	仙笈：真・巨石蛊
9720	100006	魔笈：狂・巨石蛊
9721	100006	仙笈：真・万蛊食天
9722	100006	魔笈：狂・万蛊食天
9723	100006	仙笈：真・荆棘术
9724	100006	魔笈：狂・荆棘术
9725	100006	仙笈：真・强体术
9726	100006	魔笈：狂・强体术
9727	100006	仙笈：真・神辅术
9728	100006	魔笈：狂・神辅术
9729	100006	仙笈：真・移元术
9730	100006	魔笈：狂・移元术
9731	100006	仙笈：真・妖狐变
9732	100006	魔笈：狂・妖狐变
9733	100006	仙笈：真・妖狐击
9734	100006	魔笈：狂・妖狐击
9735	100006	仙笈：真・妖雾击
9736	100006	魔笈：狂・妖雾击
9737	100006	仙笈：真・妖缠击
9738	100006	魔笈：狂・妖缠击
9739	100006	仙笈：真・妖魂击
9740	100006	魔笈：狂・妖魂击
9741	100006	仙笈：真・妖灵击
9742	100006	魔笈：狂・妖灵击
9743	100006	仙笈：真・妖煞击
9744	100006	魔笈：狂・妖煞击
9745	100006	仙笈：真・驱逐咒
9746	100006	魔笈：狂・驱逐咒
9747	100006	仙笈：真・残体咒
9748	100006	魔笈：狂・残体咒
9749	100006	仙笈：真・弱魂咒
9750	100006	魔笈：狂・弱魂咒
9751	100006	仙笈：真・碎灵咒
9752	100006	魔笈：狂・碎灵咒
9753	100006	仙笈：真・肉搏精通
9754	100006	魔笈：狂・肉搏精通
9755	100006	仙笈：真・木精通
9756	100006	魔笈：狂・木精通
11582	100006	仙笈：真・飞花遁影
11584	100006	魔笈：狂・飞花遁影
11691	100006	猛击之卷
11692	100006	撕咬之卷
11693	100006	炎球之卷
11694	100006	冰刺之卷
11695	100006	毒雾之卷
11696	100006	召雷之卷
11697	100006	扬沙之卷
11698	100006	咆哮之卷
11699	100006	嚎叫之卷
11700	100006	破甲之卷
11701	100006	震摄之卷
11702	100006	尖啸之卷
11703	100006	减速之卷
11704	100006	硬皮之卷
11705	100006	鼓舞之卷
11706	100006	嘟嘟之卷
11707	100006	吸血之卷
11708	100006	吸魂之卷
11709	100006	夺命之卷
11710	100006	夺魄之卷
11711	100006	牺牲之卷
11712	100006	破杀之卷
11713	100006	反震之卷
11714	100006	利爪之卷
11715	100006	驱魔之卷
11716	100006	坚甲之卷
11717	100006	祝福之卷
11689	100006	驯养之书
11690	100006	遗忘之书
3439	100006	初级铁匠精通
3442	100006	中级铁匠精通
3444	100006	高级铁匠精通
3446	100006	大师级铁匠精通
3447	100006	宗师级铁匠精通
3448	100006	神匠级铁匠精通
3449	100006	初级裁缝精通
3452	100006	中级裁缝精通
3454	100006	高级裁缝精通
3456	100006	大师级裁缝精通
3457	100006	宗师级裁缝精通
3458	100006	神匠级裁缝精通
3459	100006	初级巧匠精通
3462	100006	中级巧匠精通
3464	100006	高级巧匠精通
3466	100006	大师级巧匠精通
3467	100006	宗师级巧匠精通
3468	100006	神匠级巧匠精通
3469	100006	初级药师精通
3472	100006	中级药师精通
3474	100006	高级药师精通
3476	100006	大师级药师精通
3477	100006	宗师级药师精通
3478	100006	神匠级药师精通
12305	100007	朱果
12829	100007	怨灵士兵腰牌
12830	100007	怨灵军官徽章
12831	100007	怨灵大将令牌
12832	100007	怨灵统帅印记
11763	100007	力量之证
11764	100007	速度之证
11765	100007	智慧之证
11766	100007	勇气之证
11767	100007	耐力之证
11768	100007	技巧之证
11769	100007	无畏之证
11271	100007	银龙令
11272	100007	铜龙令
11270	100007	金龙令
11408	100007	龙鳞宝盒
11409	100007	龙角宝盒
11410	100007	龙须宝盒
11411	100007	龙爪宝盒
11412	100007	龙尾宝盒
11413	100007	龙牙宝盒
11414	100007	龙睛宝盒
11415	100007	龙涎宝盒
11416	100007	龙骨宝盒
11417	100007	龙血宝盒
11418	100007	龙筋宝盒
11419	100007	龙髓宝盒
13651	13651	小梅花鹿
13652	13652	五彩麋鹿
13653	13652	九色神鹿-出售
13643	13643	圣诞装男上衣
13675	13643	圣诞装男上衣-商城
13644	13644	圣诞装男裤子
13677	13644	圣诞装男裤子-商城
13645	13645	圣诞装男靴子
13673	13645	圣诞装男靴子-商城
13646	13646	圣诞装男手套
13679	13646	圣诞装男手套_商城
13647	13647	圣诞装女上衣
13676	13647	圣诞装女上衣-商城
13648	13648	圣诞装女裙子
13678	13648	圣诞装女裙子-商城
13649	13649	圣诞装女靴子
13674	13649	圣诞装女靴子-商城
13650	13650	圣诞装女手套
13680	13650	圣诞装女手套-商城
13114	100008	铸具：群力的护符
13115	100008	铸具：万军项链
13116	100008	铸具：马面神符
13117	100008	铸具：狐仙护符
13118	100008	铸具：霹雳雷魂
13119	100008	铸具：魔君之力
13120	100008	铸具：玄锥的护符
13121	100008	铸具：巫王宝珠
13122	100008	铸具：黑手护符
13123	100008	铸具：龙影护符
13124	100008	铸具：剑客护符
13125	100008	铸具：狂客之符
13126	100008	铸具：裂天的护符
13127	100008	铸具：青衣子项链
13128	100008	铸具：花神之息
13129	100008	铸具：天魔宝珠
13130	100008	铸具：妖魅之符
13131	100008	铸具：仙子之力
13132	100008	铸具：长角兽玉饰
13133	100008	铸具：白骨坠子
13134	100008	铸具：海盗王之证
13135	100008	铸具：魔屠腰佩
13136	100008	铸具：魔甲印记
13137	100008	铸具：火使玉佩
13138	100008	铸具：金环蛇玉饰
13139	100008	铸具：秘境之风
13140	100008	铸具：雷君印记
13141	100008	铸具：多情彩佩
13142	100008	铸具：独角玉坠
13143	100008	铸具：鬼兽腰佩
13144	100008	铸具：狼蛛王玉饰
13145	100008	铸具：女鬼护身符
13146	100008	铸具：毒蛇印记
13147	100008	铸具：幽魂腰饰
13148	100008	铸具：兽魂之怒
13149	100008	铸具：地藏王印记
13150	100008	铸具：狂狼戒指
13151	100008	铸具：蛮灵力士之戒
13152	100008	铸具：沙王之怒
13153	100008	铸具：林云之戒
13154	100008	铸具：梵天戒
13155	100008	铸具：天狱之王指环
13156	100008	铸具：魔君力量之戒
13157	100008	铸具：天地无常
13158	100008	铸具：怒焰戒指
13159	100008	铸具：蛇蝎戒指
13160	100008	铸具：邪鬼戒指
13161	100008	铸具：妖狮指环
13162	100008	铸具：心魔力量之戒
13163	100008	铸具：暗魂秘法戒
13164	100008	铸具：邪灵花神指环
13165	100008	铸具：仙子秘法之戒
13166	100008	铸具：乾坤无极
13043	100008	铸具：火岩重甲
13044	100008	铸具：鬼卫重甲
13045	100008	铸具：龙火重甲
13046	100008	铸具：海盗王胸甲
13047	100008	铸具：天狱之王胸甲
13048	100008	铸具：魔君重甲
13049	100008	铸具：黑巢轻铠
13050	100008	铸具：蛮灵力士胸甲
13051	100008	铸具：悲者胸甲
13052	100008	铸具：千灵轻铠
13053	100008	铸具：邪灵花神胸甲
13054	100008	铸具：破空轻铠
13055	100008	铸具：火岩秘法袍
13056	100008	铸具：狼巫王法袍
13057	100008	铸具：天魔法袍
13058	100008	铸具：屠冥法袍
13059	100008	铸具：仙子法袍
13060	100008	铸具：蛇蝎护腿
13061	100008	铸具：圣兽护腿
13062	100008	铸具：船长护腿
13063	100008	铸具：梵天护腿
13064	100008	铸具：树魂护腿
13065	100008	铸具：天将护腿
13066	100008	铸具：狂狼下铠
13067	100008	铸具：行尸下铠
13068	100008	铸具：修罗下铠
13069	100008	铸具：黑暗地府下铠
13070	100008	铸具：魔刑下铠
13071	100008	铸具：无宗下铠
13072	100008	铸具：怒焰法裤
13073	100008	铸具：青衣子法裤
13074	100008	铸具：龙鳞法裤
13075	100008	铸具：黑暗地府法裤
13076	100008	铸具：邪魔法裤
13077	100008	铸具：紫烟法裤
13078	100008	铸具：食灵重靴
13079	100008	铸具：天沦重靴
13080	100008	铸具：癸虚重靴
13081	100008	铸具：群力之靴
13082	100008	铸具：虎力靴
13083	100008	铸具：避世轻靴
13084	100008	铸具：食岳轻靴
13085	100008	铸具：玄锥之履
13086	100008	铸具：幽泉法履
13087	100008	铸具：烈焰裹鞋
13088	100008	铸具：绝命法履
13089	100008	铸具：镇魄法履
13090	100008	铸具：裂天重腕
13091	100008	铸具：火冥重腕
13092	100008	铸具：遁世重腕
13093	100008	铸具：焚日重腕
13094	100008	铸具：血牙护腕
13095	100008	铸具：弃世腕甲
13096	100008	铸具：镇魂轻腕
13097	100008	铸具：船长护腕
13098	100008	铸具：魔剑护腕
13099	100008	铸具：长孙计法腕
13100	100008	铸具：灯鬼之壳
13101	100008	铸具：狮心头盔
13102	100008	铸具：水邪之壳
13103	100008	铸具：海盗头盔
13104	100008	铸具：猿王重盔
13105	100008	铸具：无涯之盔
13106	100008	铸具：无玄重盔
13107	100008	铸具：尸魔头巾
13108	100008	铸具：水精头饰
13109	100008	铸具：魔骨轻帽
13110	100008	铸具：法王头饰
13111	100008	铸具：倾月法冠
13112	100008	铸具：牛王之皮
13113	100008	铸具：山指重皮
12985	100008	铸具：火云剑
12986	100008	铸具：双飞燕
12987	100008	铸具：玄阴刀
12988	100008	铸具：幻舞隐月剑
12989	100008	铸具：梵天魔刀
12990	100008	铸具：九鬼破天
12991	100008	铸具：鸾凤齐鸣
12992	100008	铸具：天叱宝刀
12993	100008	铸具：煞灵鬼头叉
12994	100008	铸具：乘胜万里伏
12995	100008	铸具：绝天龙牙枪
12996	100008	铸具：五雷轰顶
12997	100008	铸具：定光拳套
12998	100008	铸具：荆棘刺
12999	100008	铸具：鬼雄拳套
13000	100008	铸具：芙蓉刺
13001	100008	铸具：灭魂拳套
13002	100008	铸具：紫电辟邪
13003	100008	铸具：真刚拳套
13004	100008	铸具：蜻蜓刺玉
13005	100008	铸具：掩日断水
13006	100008	铸具：黑巢降魔斧
13007	100008	铸具：鬼啸战斧
13008	100008	铸具：玄冥长锤
13009	100008	铸具：叱风战锤
13010	100008	铸具：万钧巨斧
13011	100008	铸具：血煞斧
13012	100008	铸具：玄铁重锤
13013	100008	铸具：龙彩双锤
13014	100008	铸具：九鬼归命
13015	100008	铸具：帝蛮锤
13016	100008	铸具：海天一线
13017	100008	铸具：大旋风
13018	100008	铸具：烈炎杖
13019	100008	铸具：玄影法剑
13020	100008	铸具：藏星剑
13021	100008	铸具：阴阳夺魄轮
13022	100008	铸具：菩提宝杖
13023	100008	铸具：驱龙杖
13024	100008	铸具：灵犀释厄剑
13025	100008	铸具：沉水龙雀
13026	100008	铸具：九尺墨影
13027	100008	铸具：九鬼闪雷
13028	100008	铸具：倚天镇魂剑
13029	100008	铸具：金顶佛光
13030	100008	铸具：如律令
13031	100008	铸具：月灵弓
13032	100008	铸具：逐光弩
13033	100008	铸具：鬼阴
13034	100008	铸具：穿云弓
13035	100008	铸具：天劫射日弩
13036	100008	铸具：风云
13037	100008	铸具：神武镇天弓
13038	100008	铸具：九鬼裂风
13039	100008	铸具：百里追风弩
13040	100008	铸具：太乙破阕弓
13041	100008	铸具：白驹
13042	100008	铸具：灭绝
13291	13291	蛊惑男装上衣
13288	13288	西服男装上衣
13286	13286	蛊惑男装裤子
13283	13283	西服男装裤子
13295	13295	蛊惑男装鞋子
13293	13293	西服男装鞋子
13290	13290	蛊惑女装上衣
13289	13289	女仆女装上衣
13287	13287	羽裙装女上衣
13280	13280	蛊惑女装护腕
13281	13281	羽裙装女护腕
13285	13285	蛊惑女装裤子
13284	13284	女仆女装裙子
13282	13282	羽裙装女裙子
13294	13294	蛊惑女装鞋子
13296	13296	女仆女装鞋子
13292	13292	羽裙装女鞋子
14131	14131	报喜猪
14132	14132	流云象
14133	14133	彩衣
14134	14134	朱雀
14135	14135	男式新年装套装
14137	14137	男式新年装裤子
14139	14139	男式新年装鞋子
14136	14136	女式新年装上衣
14138	14138	女式新年装裙子
14140	14140	女式新年装鞋子
13718	100006	通缉令01
13719	100006	通缉令02
13720	100006	通缉令03
13721	100006	通缉令04
13722	100006	通缉令05
13723	100006	通缉令06
13724	100006	通缉令07
13725	100006	通缉令08
13726	100006	通缉令09
13727	100006	通缉令10
13728	100006	通缉令11
13729	100006	通缉令12
13730	100006	通缉令13
13731	100006	通缉令14
13732	100006	通缉令15
13733	100006	通缉令16
13734	100006	通缉令17
13735	100006	通缉令18
13736	100006	通缉令19
13737	100006	通缉令20
13738	100006	通缉令21
13739	100006	通缉令22
13740	100006	通缉令23
13741	100006	通缉令24
13742	100006	通缉令25
13743	100006	通缉令26
13744	100006	通缉令27
13745	100006	通缉令28
13746	100006	通缉令29
13747	100006	通缉令30
13748	100006	通缉令31
13749	100006	通缉令32
13750	100006	通缉令33
13751	100006	通缉令34
13752	100006	通缉令35
13753	100006	通缉令36
13754	100006	通缉令37
13755	100006	通缉令38
13756	100006	通缉令39
13757	100006	通缉令40
13758	100006	通缉令41
13759	100006	通缉令42
13632	100007	碎片1
13633	100007	碎片2
13634	100007	碎片3
13635	100007	碎片4
13636	100007	碎片5
13637	100007	碎片6
14011	100001	☆☆☆血色战刀
14012	100002	★军团轻护腿
14013	100003	★军团统帅之力
14014	100001	★八方烽火
14015	100002	★血力轻腕
14016	100002	★血月轻腕
14017	100002	☆☆☆血色轻靴
14018	100002	★血灵轻靴
14019	100002	★血力法袍
14020	100002	★军团秘法裤
14021	100002	☆☆☆血色法腕
14022	100002	★血月法腕
14023	100002	★血灵法履
14024	100002	★血力重腿
14025	100002	★血月重腕
14026	100002	★军团重护腕
14027	100002	☆☆☆血色重靴
14028	100002	★血灵重靴
14069	100008	铸具：八方烽火
14070	100008	铸具：军团统帅之力
14071	100008	铸具：军团轻护腿
14072	100008	铸具：血力轻腕
14073	100008	铸具：血月轻腕
14074	100008	铸具：血灵轻靴
14075	100008	铸具：血力法袍
14077	100008	铸具：军团秘法裤
14078	100008	铸具：血月法腕
14079	100008	铸具：血灵法履
14081	100008	铸具：血力重腿
14082	100008	铸具：血月重腕
14083	100008	铸具：军团重护腕
14084	100008	铸具：血灵重靴
14797	100001	(60)★亡骨刀
14798	100001	(70)★鬼将刀
14799	100001	(70)★武士刀
14800	100001	(80)★龙刀
14801	100001	(80)★神罗之刃
14802	100001	(80)★巨力大刀
14803	100001	(80)★武士之刃・流火
14804	100001	(90)★龙刀・红莲
14805	100001	(90)★恶魔之刃
14806	100001	(90)★无痕利刃
14807	100001	(90)★斩破刀
14808	100001	(90)★骑将战刀
14809	100001	(99)★幻境之刃
14810	100001	(99)★真红之刃
14811	100001	(99)★鬼神斩破刀・黑牙
14812	100001	(99)★圣灵刀
14813	100001	(99)★黑暗大刀
14814	100001	(100)★★天上天下无双刀
14815	100001	(80)★神罗双剑
14816	100001	(90)★绝龙剑
14817	100001	(99)★封龙剑・绝门
14818	100001	(99)★黑灭刀・十绝
14819	100001	(60)★骸骨斧
14820	100001	(70)★霹雳双斧
14821	100001	(70)★纹章斧
14822	100001	(80)★神罗双斧
14823	100001	(80)★死亡霹雳・暗
14824	100001	(80)★巨猿斧
14825	100001	(80)★狮王斧
14826	100001	(90)★烽火轮
14827	100001	(90)★鬼力斧
14828	100001	(90)★恶魔之斧
14829	100001	(90)★星辰大斧
14830	100001	(90)★狮子王・钢心
14831	100001	(99)★无敌烽火轮・破
14832	100001	(99)★古兽大斧
14833	100001	(99)★王者的双斧
14834	100001	(99)★真红之斧
14835	100001	(99)★黑暗魔气之斧
14837	100001	(90)★混沌之锤
14838	100001	(99)★混沌冲击・巨力
14839	100001	(60)★亡骨之枪
14840	100001	(70)★翡翠长枪
14841	100001	(70)★破甲枪
14842	100001	(80)★锯齿长枪
14843	100001	(80)★翡翠之心・九色
14844	100001	(80)★魔心长枪
14845	100001	(80)★龙枪
14846	100001	(90)★噬灵兽长枪
14847	100001	(90)★狂狮之枪
14848	100001	(90)★沙漠之枪
14849	100001	(90)★龙枪・怒火
14850	100001	(90)★星辰粉碎枪
14851	100001	(99)★鬼灵长枪
14852	100001	(99)★巨兽长枪
14853	100001	(99)★黑暗魔女之枪
14854	100001	(99)★白色沙漠・苍影
14855	100001	(99)★王者的长枪
14856	100001	(100)★★一骑当千舞云空
14857	100001	(70)★火焰刀
14858	100001	(80)★鬼魔刀
14859	100001	(80)★炎魔刀・苍鬼
14860	100001	(90)★鬼眼魔刀・红影
14861	100001	(60)★鼓力拳套
14862	100001	(70)★天武拳套
14863	100001	(80)★魂使拳套
14864	100001	(80)★天武・豪鬼
14865	100001	(80)★佛陀拳套
14866	100001	(90)★狂神拳套
14867	100001	(90)★巨兽拳套
14868	100001	(90)★三世佛陀・静
14869	100001	(99)★四神召来・狂
14870	100001	(99)★鬼面拳套
14871	100001	(99)★圣灵拳套
14872	100001	(99)★凶灵拳套
14873	100001	(99)★黑暗魔力拳套
14874	100001	(100)★★飞龙翔击双虎掌
14875	100001	(60)★疾风弩
14876	100001	(70)★刚雷弩
14877	100001	(70)★暴风弩
14878	100001	(70)★刻魂弩
14879	100001	(80)★殛雷弩
14880	100001	(80)★烈风・瞬灭
14881	100001	(80)★定魂弩
14882	100001	(80)★囚狱连弩
14883	100001	(90)★耀目星芒弩
14884	100001	(90)★碎梦弩
14885	100001	(90)★憎恨之弩
14886	100001	(90)★天狱・连锁
14887	100001	(99)★星群・殒落
14888	100001	(99)★辉闪
14889	100001	(99)★坠星
14890	100001	(99)★夺魄
14891	100001	(99)★碎魂
14892	100001	(100)★★天罪轰雷具
14893	100001	(70)★独角弓
14894	100001	(80)★暗红之角・灭魂
14895	100001	(90)★龙弓
14896	100001	(99)★龙弓・无名
14897	100001	(99)★龙弓・传世
14898	100001	(80)★轰烈铳
14899	100001	(90)★轰烈瞬闪・光华
14900	100001	(60)★古木法剑
14901	100001	(70)★哀叹剑
14902	100001	(70)★修罗剑
14903	100001	(80)★无茫剑
14904	100001	(80)★夜叉法剑
14905	100001	(80)★帝释天・幻
14906	100001	(90)★幽魂破尽剑
14907	100001	(90)★八荒六合・乱
14908	100001	(90)★梦幻
14909	100001	(99)★泡影
14910	100001	(99)★蜃楼
14911	100001	(99)★迦楼罗火翼
14912	100001	(99)★天魔恸哭剑
14913	100001	(99)★仙魔俱灭・无灵
14914	100001	(100)★★森罗万象
14915	100001	(70)★不动杖
14916	100001	(80)★不动之杖・阳炎
14917	100001	(80)★魂命环
14918	100001	(90)★逆命之轮
14919	100001	(90)★魂舞宝环・烈
14920	100001	(99)★逆命王轮・疾
14921	100001	(90)★阳炎之幡・破
14922	100001	(99)★神护之杖・固
15031	100001	(100)★★修罗炼狱
14923	100002	(70)★力量重甲
14924	100002	(80)★风无痕的重甲
14925	100002	(80)★虎哮重甲
14926	100002	(90)★破山重甲
14927	100002	(90)★狂王重甲
14928	100002	(99)★狮心王重甲
14929	100002	(70)★力量护腿
14930	100002	(80)★风无痕的护腿
14931	100002	(80)★虎哮护腿
14932	100002	(90)★破山护腿
14933	100002	(90)★狂王护腿
14934	100002	(99)★狮心王护腿
14935	100002	(70)★力量重靴
14936	100002	(80)★巨猿重靴
14937	100002	(80)★虎哮重靴
14938	100002	(90)★破山重靴
14939	100002	(90)★狂王重靴
14940	100002	(99)★狮心王重靴
14941	100002	(70)★力量重腕
14942	100002	(80)★金甲重护腕
14943	100002	(80)★虎哮重腕
14944	100002	(90)★破山重腕
14945	100002	(90)★狂王重腕
14946	100002	(99)★狮心王重腕
14947	100002	(70)★飞雪法袍
14948	100002	(80)★噬灵兽法袍
14949	100002	(80)★空灵法袍
14950	100002	(90)★舞空法袍
14951	100002	(90)★先知法袍
14952	100002	(99)★通天者法袍
14953	100002	(70)★飞雪秘法裤
14954	100002	(80)★无痕秘法裤
14955	100002	(80)★空灵秘法裤
14956	100002	(90)★舞空秘法裤
14957	100002	(90)★先知秘法裤
14958	100002	(99)★通天者法裤
14959	100002	(70)★飞雪秘法履
14960	100002	(80)★古蛇秘法履
14961	100002	(80)★空灵秘法履
14962	100002	(90)★舞空秘法履
14963	100002	(90)★先知秘法履
14964	100002	(99)★通天者法履
14965	100002	(70)★飞雪秘法腕
14966	100002	(80)★金甲法腕
14967	100002	(80)★空灵法腕
14968	100002	(90)★舞空法腕
14969	100002	(90)★先知法腕
14970	100002	(99)★通天者法腕
14971	100002	(70)★疾风轻铠
14972	100002	(80)★噬灵兽轻甲
14973	100002	(80)★逐月轻铠
14974	100002	(90)★天行轻铠
14975	100002	(90)★飞将轻铠
14976	100002	(99)★阿修罗轻铠
14977	100002	(70)★疾风下铠
14978	100002	(80)★无痕下铠
14979	100002	(80)★逐月下铠
14980	100002	(90)★天行下铠
14981	100002	(90)★飞将下铠
14982	100002	(99)★阿修罗下铠
14983	100002	(70)★疾风轻靴
14984	100002	(80)★古猿轻靴
14985	100002	(80)★逐月轻靴
14986	100002	(90)★天行轻靴
14987	100002	(90)★飞将轻靴
14988	100002	(99)★阿修罗轻靴
14989	100002	(70)★疾风轻腕
14990	100002	(80)★古蛇轻护腕
14991	100002	(80)★逐月轻腕
14992	100002	(90)★天行轻腕
14993	100002	(90)★飞将轻腕
14994	100002	(99)★阿修罗轻腕
14995	100002	(80)★秦天的重盔
14996	100002	(90)★巨大古兽头盔
14997	100002	(80)★鼓神的头巾
14998	100002	(90)★无尽鬼力法帽
14999	100002	(90)★鬼王的披风
15000	100003	(70)★神罗项链
15001	100003	(80)★大地项链
15002	100003	(90)★巨力项链
15003	100003	(90)★日曜项链
15004	100003	(99)★狮心王项链
15005	100003	(80)★灵风项链
15006	100003	(90)★欺诈项链
15007	100003	(90)★月灵项链
15008	100003	(99)★通天者项链
15009	100003	(80)★海潮项链
15010	100003	(90)★刺尾项链
15011	100003	(90)★星辰项链
15012	100003	(99)★阿修罗项链
15013	100003	(80)★大地腰佩
15014	100003	(90)★圣殿腰佩
15015	100003	(90)★日曜腰佩
15016	100003	(99)★狮心王腰佩
15017	100003	(70)★神罗腰佩
15018	100003	(80)★灵风腰佩
15019	100003	(90)★圣灵腰佩
15020	100003	(90)★月灵腰佩
15021	100003	(99)★通天者腰佩
15022	100003	(80)★海潮腰佩
15023	100003	(90)★圣母腰佩
15024	100003	(90)★星辰腰佩
15025	100003	(99)★阿修罗腰佩
15026	100003	(70)★神罗之戒
15027	100003	(80)★鼓神之戒
15028	100003	(90)★巨兽力量之戒
15029	100003	(80)★古蛇之戒
15030	100003	(90)★璀璨星空之戒
15461	100010	千机材
15227	100010	秦天的刀刃
15228	100010	碎裂的鼓
15229	100010	亡骨之片
15230	100010	秦天的凯片
15231	100010	完整的鼓壳
15232	100010	魂使的触手
15233	100010	狂狮的甲皮
15234	100010	古蛇的皮
15235	100010	破碎的金甲片
15236	100010	神武罗的甲胄
15237	100010	神武罗的黑珠
15238	100010	谜之头骨
15239	100011	秦天的坚甲
15240	100011	坚韧的巨鼓
15241	100011	狂狮的尖爪
15242	100011	魂使的金镜
15243	100011	神武罗的尖钩
15244	100011	古蛇的血
15245	100011	坚固的金甲片
15246	100011	风无痕的黑甲
15247	100011	巨猿的牙齿
15248	100011	噬灵兽的爪
15249	100011	风无痕的铁架
15250	100011	巨猿的甲皮
15251	100011	噬灵兽的鬃毛
15252	100011	古蛇精魄
15253	100011	金甲之灵
15254	100011	风无痕的钢甲
15255	100011	巨猿的刺掌
15256	100011	古旧残剑
15257	100012	狂狮的利刃
15258	100012	黑暗的铁甲
15259	100012	神武罗的残臂
15260	100012	鬼奴的长角
15261	100012	风无痕的战马长角
15262	100012	魔女之手
15263	100012	圣母的宝珠
15264	100012	巨猿的尖尾
15265	100012	星辰之粉
15266	100012	鬼王的缎带
15267	100012	噬灵兽的钢须
15268	100012	巨兽的坚甲
15269	100012	七曜之轮
15270	100012	星辰之石
15271	100012	上古恶魔之角
15272	100012	恶魔之尘
15273	100012	鬼奴的外壳
15274	100012	圣母的光环
15275	100012	七曜之触
15276	100012	巨兽的精壳
15277	100012	七曜使灵之力
15278	100012	上古恶魔之魂
15279	100012	圣殿之石
15280	100013	黑暗的鳞片
15281	100013	鬼奴的斧刃
15282	100013	黑暗的巨钳
15283	100013	魔女的头冠
15284	100013	鬼奴的烈焰之心
15285	100013	圣母的灵石
15286	100013	魔女的电气
15287	100013	鬼王之力
15288	100013	圣母之心
15289	100013	巨兽的黑气
15290	100013	鬼王的金丝绳
15291	100013	巨兽的真红之角
15292	100013	苍力的宝珠
15293	100013	苍力的刀刃
15294	100013	子纯的幽灵之面
15295	100013	大臣的印记
15296	100013	王者的斗气
15297	100013	子纯的丝鞭
15298	100013	幻境之泉
15299	100013	魔女的精魄
15300	100013	鬼王的护身罩
15301	100013	巨兽的脚掌
15302	100013	王朝的背影
15303	100013	子纯的黑暗之魂
15304	100013	王朝的叹息
15305	100013	子纯的光翼
15306	100013	幻境之主的印记
15307	100013	幻境之石
15308	100013	黄昏印记
15309	100013	黄金面具
15310	100013	黄昏权杖
15311	100013	天地灵心
15321	100009	剑魂・亡骨刀
15322	100009	剑魂・鬼将刀
15323	100009	剑魂・武士刀
15324	100009	剑魂・龙刀
15325	100009	剑魂・神罗之刃
15326	100009	剑魂・巨力大刀
15327	100009	剑魂・恶魔之刃
15328	100009	剑魂・无痕利刃
15329	100009	剑魂・斩破刀
15330	100009	剑魂・骑将战刀
15331	100009	剑魂・幻境之刃
15332	100009	剑魂・真红之刃
15333	100009	剑魂・圣灵刀
15334	100009	剑魂・黑暗大刀
15335	100009	剑魂・神罗双剑
15336	100009	剑魂・绝龙剑
15337	100009	剑魂・骸骨斧
15338	100009	剑魂・霹雳双斧
15339	100009	剑魂・纹章斧
15340	100009	剑魂・神罗双斧
15341	100009	剑魂・巨猿斧
15342	100009	剑魂・狮王斧
15343	100009	剑魂・烽火轮
15344	100009	剑魂・鬼力斧
15345	100009	剑魂・恶魔之斧
15346	100009	剑魂・星辰大斧
15347	100009	剑魂・古兽大斧
15348	100009	剑魂・王者的双斧
15349	100009	剑魂・真红之斧
15350	100009	剑魂・黑暗魔气之斧
15351	100009	剑魂・混沌之锤
15352	100009	剑魂・亡骨之枪
15353	100009	剑魂・翡翠长枪
15354	100009	剑魂・破甲枪
15355	100009	剑魂・锯齿长枪
15356	100009	剑魂・魔心长枪
15357	100009	剑魂・龙枪
15358	100009	剑魂・噬灵兽长枪
15359	100009	剑魂・狂狮之枪
15360	100009	剑魂・沙漠之枪
15361	100009	剑魂・星辰粉碎枪
15362	100009	剑魂・鬼灵长枪
15363	100009	剑魂・巨兽长枪
15364	100009	剑魂・黑暗魔女之枪
15365	100009	剑魂・王者的长枪
15366	100009	剑魂・火焰刀
15367	100009	剑魂・鬼魔刀
15368	100009	剑魂・鼓力拳套
15369	100009	剑魂・天武拳套
15370	100009	剑魂・魂使拳套
15371	100009	剑魂・佛陀拳套
15372	100009	剑魂・狂神拳套
15373	100009	剑魂・巨兽拳套
15374	100009	剑魂・鬼面拳套
15375	100009	剑魂・圣灵拳套
15376	100009	剑魂・凶灵拳套
15377	100009	剑魂・黑暗魔力拳套
15378	100009	剑魂・疾风弩
15379	100009	剑魂・刚雷弩
15380	100009	剑魂・暴风弩
15381	100009	剑魂・刻魂弩
15382	100009	剑魂・殛雷弩
15383	100009	剑魂・定魂弩
15384	100009	剑魂・囚狱连弩
15385	100009	剑魂・耀目星芒弩
15386	100009	剑魂・碎梦弩
15387	100009	剑魂・憎恨之弩
15388	100009	剑魂・辉闪
15389	100009	剑魂・坠星
15390	100009	剑魂・夺魄
15391	100009	剑魂・碎魂
15392	100009	剑魂・独角弓
15393	100009	剑魂・龙弓
15394	100009	剑魂・轰烈铳
15395	100009	剑魂・古木法剑
15396	100009	剑魂・哀叹剑
15397	100009	剑魂・修罗剑
15398	100009	剑魂・无茫剑
15399	100009	剑魂・夜叉法剑
15400	100009	剑魂・幽魂破尽剑
15401	100009	剑魂・梦幻
15402	100009	剑魂・泡影
15403	100009	剑魂・蜃楼
15404	100009	剑魂・迦楼罗火翼
15405	100009	剑魂・天魔恸哭剑
15406	100009	剑魂・不动杖
15407	100009	剑魂・魂命环
15408	100009	剑魂・逆命之轮
15409	100009	剑魂・力量重甲
15410	100009	剑魂・虎哮重甲
15411	100009	剑魂・破山重甲
15412	100009	剑魂・力量护腿
15413	100009	剑魂・虎哮护腿
15414	100009	剑魂・破山护腿
15415	100009	剑魂・力量重靴
15416	100009	剑魂・虎哮重靴
15417	100009	剑魂・破山重靴
15418	100009	剑魂・力量重腕
15419	100009	剑魂・虎哮重腕
15420	100009	剑魂・破山重腕
15421	100009	剑魂・飞雪法袍
15422	100009	剑魂・空灵法袍
15423	100009	剑魂・舞空法袍
15424	100009	剑魂・飞雪秘法裤
15425	100009	剑魂・空灵秘法裤
15426	100009	剑魂・舞空秘法裤
15427	100009	剑魂・飞雪秘法履
15428	100009	剑魂・空灵秘法履
15429	100009	剑魂・舞空秘法履
15430	100009	剑魂・飞雪秘法腕
15431	100009	剑魂・空灵法腕
15432	100009	剑魂・舞空法腕
15433	100009	剑魂・疾风轻铠
15434	100009	剑魂・逐月轻铠
15435	100009	剑魂・天行轻铠
15436	100009	剑魂・疾风下铠
15437	100009	剑魂・逐月下铠
15438	100009	剑魂・天行下铠
15439	100009	剑魂・疾风轻靴
15440	100009	剑魂・逐月轻靴
15441	100009	剑魂・天行轻靴
15442	100009	剑魂・疾风轻腕
15443	100009	剑魂・逐月轻腕
15444	100009	剑魂・天行轻腕
15445	100009	剑魂・秦天的重盔
15446	100009	剑魂・鼓神的头巾
15447	100009	剑魂・大地项链
15448	100009	剑魂・日曜项链
15449	100009	剑魂・灵风项链
15450	100009	剑魂・月灵项链
15451	100009	剑魂・海潮项链
15452	100009	剑魂・星辰项链
15453	100009	剑魂・大地腰佩
15454	100009	剑魂・日曜腰佩
15455	100009	剑魂・灵风腰佩
15456	100009	剑魂・月灵腰佩
15457	100009	剑魂・海潮腰佩
15458	100009	剑魂・星辰腰佩
15459	100009	剑魂・鼓神之戒
15460	100009	剑魂・古蛇之戒
15038	15038	一星龙珠
15039	15039	二星龙珠
15040	15040	三星龙珠
15041	15041	四星龙珠
15042	15042	五星龙珠
15043	15043	六星龙珠
15044	15044	七星龙珠
15045	15045	八星龙珠
15046	15046	九星龙珠
15047	100014	碧海龙珠
15048	100014	幻彩龙珠
15049	100014	赤焰龙珠
12750	12750	天罡石
12751	12751	地煞石
15037	15037	随机染色剂
15579	15579	石榴红染色剂
15580	15580	妃红色染色剂
15581	15581	鲜橙色染色剂
15582	15582	芒果色染色剂
15583	15583	绿眼石染色剂
15584	15584	柠檬色染色剂
15585	15585	草芯色染色剂
15586	15586	薄荷色染色剂
15587	15587	鹅黄色染色剂
15588	15588	银杏色染色剂
15589	15589	海子蓝染色剂
15590	15590	浅海沙染色剂
15591	15591	椰壳绿染色剂
15592	15592	靛青色染色剂
15593	15593	翡翠色染色剂
15594	15594	天青蓝染色剂
15595	15595	天蓝色染色剂
15596	15596	湖蓝色染色剂
15597	15597	靛蓝色染色剂
15598	15598	青莲色染色剂
15599	15599	紫罗兰染色剂
15600	15600	紫丁香染色剂
15601	15601	海贝紫染色剂
15602	15602	麦芽黄染色剂
15603	15603	藕荷色染色剂
15604	15604	洋葱紫染色剂
15605	15605	桃红色染色剂
15606	15606	洋红色染色剂
15607	15607	谦粉色染色剂
15608	15608	驼绒色染色剂
15312	15312	纯白色染色剂
15314	15314	纯黑色染色剂
