[config]
auction_max 	=  	 4

[items]
28286	100	7200	名器帖・紫金兵翼
28287	200	7200	名器帖・玄光飞魅
28288	300	7200	名器帖・海刃冰皇
28289	500	7200	名器帖・九冥朔影
28290	1000	7200	名器帖・金雾枭将
28434	100	7200	纯白染色卡
28435	100	7200	纯黑染色卡
28436	100	7200	石榴红染色卡
28438	100	7200	浅海沙染色卡
28566	100	7200	金毛狮王兑换券
28569	100	7200	云海金鱼兑换券
28571	100	7200	猛犸巨象兑换券
28572	100	7200	斑斓猛虎兑换券
28573	100	7200	爱之永恒男礼盒
28574	100	7200	爱之永恒女礼盒
28541	100	7200	仙笈：真・拳术精通兑换券
28542	100	7200	魔笈：狂・拳术精通兑换券
31552	100	7200	仙笈：真・连射兑换券
31553	100	7200	魔笈：狂・连射兑换券
31554	100	7200	仙笈：真・飞花遁影兑换券
31555	100	7200	魔笈：狂・飞花遁影兑换券
31556	100	7200	仙笈：真・还魂咒兑换券
31557	100	7200	魔笈：狂・还魂咒兑换券
31558	100	7200	仙笈：真・兽王之怒兑换券
31559	100	7200	魔笈：狂・兽王之怒兑换券
31560	100	7200	仙笈：真・磐石护甲兑换券
31561	100	7200	魔笈：狂・磐石护甲兑换券
31562	100	7200	魔笈：狂・强行遁隐兑换券
31563	100	7200	仙笈：真・强行遁隐兑换券
31564	100	7200	柠檬色染色剂
31565	100	7200	仙笈：真・复仇之魂：镜像兑换券
31566	100	7200	魔笈：狂・复仇之魂：镜像兑换券
31567	100	7200	魔笈：狂・偷天换日兑换券
31568	100	7200	仙笈：真・偷天换日兑换券
31569	100	7200	魔笈：狂・重生术兑换券
31570	100	7200	仙笈：真・重生术兑换券
31571	100	7200	魅灵仙笈：真・木精通兑换券
31572	100	7200	魅灵魔笈：狂・木精通兑换券
31573	100	7200	剑灵仙笈：真・刀剑精通兑换券
31574	100	7200	剑灵魔笈：狂・刀剑精通兑换券
31575	100	7200	魔笈：狂・八方剑影兑换券
31576	100	7200	仙笈：真・八方剑影兑换券
31577	100	7200	魔笈：狂・剑神无敌兑换券
31578	100	7200	仙笈：真・剑神无敌兑换券
31579	100	7200	混合动力自行器兑换券
34582	100	7200	圣诞原色男装礼盒
34583	100	7200	圣诞原色女装礼盒

